38.582047,46.02191,21.83944,6552
45.67559,48.721264,62.297855,6538
18.777832,50.859688,60.160503,6462
12.2662945,24.1203,58.94753,6440
5.380081,20.390858,60.39837,6423
7.542683,43.984127,30.375244,6554
42.75977,95.85849,24.33975,6518
51.347572,123.50832,20.06435,6507
23.350721,94.93593,43.262093,6405
2.6565194,77.06616,28.72913,6401
82.89522,102.60445,2.554969,6584
110.66533,75.56615,20.148268,6559
93.60935,107.086586,3.7172675,6521
120.221886,118.29626,37.93874,6518
92.10535,73.14117,44.855587,6498
89.12783,39.11906,66.62886,6559
111.78643,1.245019,41.381298,6537
71.390335,20.083012,92.482635,6525
82.77793,16.721384,70.96837,6481
84.2855,22.378805,98.16323,6477
84.65235,42.806976,97.68401,6453
79.61887,14.942085,51.790524,6448
97.34627,62.8297,69.37708,6424
97.03508,25.266258,39.993744,6413
85.4015,43.97534,99.58771,6412
116.248,62.662712,103.377525,6589
71.78915,83.73803,71.680374,6573
122.96597,36.530815,108.90972,6556
92.095955,95.80867,63.5016,6491
118.68206,36.8122,99.2302,6443
103.06219,60.325085,94.84736,6424
109.476006,101.04364,81.40807,6421
118.86146,96.49904,106.72059,6401
29.466143,93.9775,82.818825,6554
37.46695,106.73924,122.42241,6492
29.788498,45.126106,73.15246,6568
15.346307,70.22173,113.193794,6551
53.943768,45.115887,64.169205,6544
30.428497,71.03395,111.089745,6534
14.867323,101.701904,100.906654,6450
8.4749775,3.984456,106.331116,6498
41.942127,27.211382,100.6246,6495
35.100906,17.09705,110.85983,6447
40.725864,24.079067,111.86787,6406
25.818314,27.180271,225.92612,6574
56.247505,16.031834,160.36488,6573
1.8516883,14.867738,157.21204,6568
30.28849,23.947807,224.60997,6445
33.689255,39.447266,215.09236,6431
5.318229,32.079395,212.16644,6577
45.566044,109.0307,195.75243,6559
35.288765,85.60249,233.11446,6557
30.874937,86.02636,231.56169,6530
33.628727,68.60386,245.39223,6469
31.791168,78.727165,241.81256,6467
10.84246,120.7922,153.37152,6553
18.694105,89.02219,145.1881,6540
10.35359,122.89985,133.26897,6480
17.732508,111.09533,181.78595,6470
31.966684,123.84087,236.1884,6442
37.643524,65.68999,128.83624,6438
31.088205,92.298225,185.04272,6428
54.625835,110.36599,140.32797,6511
73.29092,95.6791,158.03098,6491
87.41503,93.21144,178.79276,6572
71.42453,110.31675,189.09825,6567
82.95029,88.38141,171.10056,6564
121.53107,96.42805,136.23053,6541
112.25239,114.77009,213.96735,6520
115.34159,96.00447,206.74065,6467
102.793846,101.735466,228.99858,6465
98.95896,64.12471,184.33876,6429
79.30515,112.753136,223.54117,6425
109.20393,123.130844,166.64352,6408
84.82125,82.73846,242.03668,6517
100.00184,68.33786,229.94682,6514
97.83223,61.57274,192.01585,6463
112.25466,65.106,231.03944,6460
69.62394,88.55526,206.81868,6459
96.74957,4.639601,206.41527,6588
104.80968,28.633247,212.10576,6544
87.404816,35.08845,214.08273,6470
90.7108,12.156758,202.45285,6442
113.99073,54.848186,182.22592,6533
153.65416,26.299715,133.51,6499
94.59597,0.8041553,127.59463,6447
178.30614,51.889034,151.21245,6410
126.7953,0.3639242,149.28207,6400
131.87985,12.42976,208.15034,6560
166.16423,6.483321,186.47516,6526
186.71509,9.679569,247.76303,6504
185.05878,13.637224,210.55779,6464
185.30954,55.57404,159.66518,6419
156.93845,25.083448,176.82797,6417
186.80165,51.593765,233.85431,6591
135.54698,49.30843,221.27844,6581
168.77228,26.298817,198.64087,6543
158.80809,9.329264,204.10773,6446
179.73576,17.926804,214.73222,6401
140.24144,99.28438,191.8722,6586
157.54022,74.49396,231.6053,6574
126.92339,81.68266,229.3124,6523
154.19148,98.04161,203.88072,6519
169.8964,88.19363,222.90364,6472
164.48553,120.81341,243.05443,6463
161.83711,108.53792,248.92447,6462
152.65262,82.98504,209.37727,6448
166.72664,115.71082,236.56813,6444
136.19052,117.334984,204.35464,6442
158.27026,88.91543,179.74068,6550
216.88116,102.857346,170.56224,6420
195.7582,63.183163,184.03995,6555
231.96162,115.59673,185.11348,6520
206.2753,70.81764,167.45787,6477
229.92435,93.74464,178.0629,6446
219.34361,119.84515,150.66754,6439
205.79846,82.62831,194.7103,6448
238.51181,100.38153,235.6349,6440
200.91151,37.56869,214.78381,6576
238.47995,24.101618,243.52286,6522
235.30147,40.76013,245.41098,6403
216.8198,12.810671,152.34895,6502
229.78448,31.545893,125.16919,6411
240.36664,9.072318,112.588394,6557
245.23918,25.928476,109.847115,6555
245.9406,1.0220876,104.67388,6490
229.02629,42.81861,60.732376,6576
207.45787,0.6418214,13.440081,6516
168.81491,11.944149,48.933937,6452
139.5713,47.884426,5.1303005,6554
179.38,54.4068,29.307999,6460
160.51169,38.257835,83.19513,6449
159.03384,61.337307,46.2307,6413
183.17287,106.27279,119.928055,6587
162.7271,116.63952,95.65589,6540
184.63089,105.44394,71.187004,6519
166.25511,96.06333,64.7931,6517
168.79802,57.70641,117.98803,6510
164.23431,117.93877,114.02623,6467
173.60893,97.15689,79.61073,6454
151.81624,82.3656,39.19232,6541
143.28926,77.25951,15.744496,6521
129.73834,82.749855,25.526403,6462
226.91158,88.505264,62.764626,6589
248.5,88.02536,74.75525,6581
237.08041,104.20086,22.498075,6526
220.10623,109.323524,73.28254,6517
224.16524,80.03082,71.20951,6435
197.56747,91.32222,113.08452,6539
203.2191,173.2377,125.0616,6508
203.91339,152.53227,96.926575,6491
236.74655,126.661194,115.251465,6469
248.89966,185.5212,103.88527,6441
191.06508,69.25526,106.39157,6421
215.16278,72.192986,101.36698,6412
236.27026,143.68707,9.824456,6562
209.44414,174.22298,69.36748,6562
210.6331,126.914246,66.6958,6491
234.57385,148.39749,39.870026,6411
215.3296,139.87822,53.63689,6567
176.31857,148.8971,48.71243,6528
202.68974,126.92826,47.165302,6463
216.53319,160.31859,29.826176,6447
197.84583,154.48773,41.70329,6417
178.67746,173.81773,33.63424,6592
177.79265,173.67673,49.064583,6567
145.99666,145.36737,58.977127,6555
140.96791,150.38051,56.41677,6553
144.81058,170.84819,43.396587,6523
129.19278,137.6594,44.328075,6519
124.961945,154.12173,55.710453,6477
143.63008,167.99448,50.72475,6413
145.6261,131.75464,120.699455,6532
146.07193,168.57751,63.658497,6528
180.93352,144.3042,90.959526,6417
139.86815,233.69461,117.05883,6580
127.38073,228.01418,14.926454,6566
178.1933,207.66214,82.35263,6514
180.34442,243.60936,94.065956,6414
128.21365,213.95172,40.940594,6409
199.3521,241.49039,28.440823,6547
212.5574,230.55043,4.7396917,6516
204.72826,206.51636,22.356823,6489
231.66954,204.3619,5.7362733,6572
201.05608,210.03932,35.792072,6557
229.64679,204.42702,84.19591,6494
227.91032,244.35973,88.128815,6452
249.35252,213.55167,80.11884,6433
207.60782,248.01732,129.23608,6465
204.88095,206.16827,132.56743,6441
244.6623,208.14024,186.83841,6562
240.47345,242.14496,247.74886,6559
243.38292,214.0691,142.53511,6554
226.4278,224.93643,249.58037,6526
242.24104,212.7646,147.97246,6430
223.63309,244.68443,234.4259,6415
242.14188,169.6758,207.69653,6552
245.2589,168.58012,239.40378,6452
211.03026,228.27014,210.03055,6431
226.55527,191.72603,212.43639,6424
215.03825,196.3357,200.6816,6421
219.78397,196.23343,192.41185,6409
241.62437,165.19069,211.48709,6404
193.71254,165.2472,218.29991,6587
191.98273,174.40092,239.17844,6587
206.31102,168.58961,245.98923,6539
231.55382,155.35304,239.85413,6456
229.28818,146.1822,150.20906,6586
220.7926,167.72098,176.16324,6519
249.75618,186.52077,141.39749,6497
209.42982,168.28531,149.11563,6478
241.16606,142.88861,133.95146,6454
203.97534,162.2044,167.87566,6449
147.88799,160.49634,151.7613,6556
137.829,143.5111,136.22542,6548
162.61636,177.5909,182.58174,6462
130.90411,183.60905,178.26503,6460
130.83798,174.8796,179.37617,6410
166.4711,181.97188,192.72514,6527
127.12137,160.74539,230.27312,6493
169.65712,184.17229,192.6375,6469
150.93608,145.30606,202.29245,6465
128.29012,127.528786,234.30896,6450
185.01187,128.44771,196.26959,6400
173.57843,210.9853,199.00464,6494
170.34798,223.08188,249.24507,6449
125.7958,229.26414,235.31839,6440
155.92174,199.7087,129.39275,6530
149.92062,204.35153,164.84332,6524
168.38115,243.3771,186.20811,6491
72.5657,216.22025,137.2517,6471
120.7192,248.40646,144.64856,6412
77.015076,241.86473,205.32079,6558
102.672714,193.10117,168.4608,6553
108.52515,216.05115,168.78304,6496
66.04242,248.84792,218.20004,6468
122.44655,167.49146,199.47322,6559
77.99475,231.28392,204.99542,6509
73.87643,200.92757,220.21234,6489
78.29231,165.96237,204.8942,6442
83.97925,134.35884,198.60434,6409
78.2708,158.82074,160.57928,6537
123.75938,150.46709,140.9363,6459
85.02915,151.02039,163.02312,6585
91.31521,136.27971,133.54625,6564
34.06234,166.02757,168.6905,6550
86.616714,144.62473,168.00542,6436
69.85597,128.49504,146.26118,6430
50.695225,137.40097,170.43419,6406
0.3088217,165.46552,138.3755,6581
33.783413,162.2955,206.93427,6534
10.559443,178.89462,162.75256,6514
21.346815,126.68504,232.0673,6448
54.174286,167.2711,202.66411,6439
31.176386,231.38948,211.22493,6558
55.1479,241.76309,234.00597,6497
4.910593,207.90987,227.19609,6446
41.484062,206.93398,226.77563,6421
38.941433,233.69792,246.8212,6589
26.702976,202.21286,156.56471,6568
18.148396,219.7504,217.11124,6531
0.6071135,200.70047,151.19217,6486
45.128353,245.7156,179.757,6471
58.33704,196.24338,163.32996,6413
19.575167,243.25017,182.32262,6412
13.629505,233.13211,101.35472,6586
48.82548,244.34055,113.07328,6576
18.227543,227.7942,107.44398,6574
0.69426435,246.22112,104.264145,6565
0.6107281,245.84262,121.20414,6557
25.706223,190.6359,125.93217,6534
30.629562,223.69617,87.50377,6531
32.870823,226.27963,105.662315,6470
10.088455,218.39175,96.87259,6461
27.253271,236.482,139.847,6460
23.013254,142.51804,66.51398,6587
30.67905,128.80313,117.85431,6574
21.470222,216.60881,103.183464,6564
10.990453,132.8634,74.19233,6541
11.281117,151.41159,73.19254,6528
33.469322,169.61652,71.024315,6476
52.159904,224.14684,111.53154,6476
10.415766,193.10797,90.175575,6456
12.176758,129.22551,121.601036,6403
90.74694,150.58774,68.723816,6575
83.21921,175.3552,71.2221,6511
33.14075,144.91086,112.16308,6494
54.961887,175.42937,92.18835,6483
39.854115,186.0575,102.95974,6462
115.74346,204.39409,71.59271,6540
94.99299,207.99963,106.8525,6528
113.50687,202.9613,96.56473,6509
70.59261,218.08377,94.38126,6440
117.73432,199.44562,97.074615,6423
87.9185,219.06567,12.009347,6581
104.8424,217.7669,86.89889,6578
81.01963,240.25249,1.9889493,6446
53.614433,137.85916,9.202561,6581
54.84474,153.26425,52.3806,6513
65.556244,151.59358,5.5612497,6495
85.96714,168.33751,53.388374,6426
37.29967,219.92766,10.264,6588
38.323925,256.1523,61.483505,6514
8.042125,275.2832,44.013885,6512
31.368538,224.217,32.51281,6492
101.17748,255.65717,9.004832,6586
110.73172,268.47263,30.300388,6537
116.79041,253.72507,35.107845,6483
112.00938,276.7903,102.21456,6582
59.98198,257.3869,84.316185,6532
82.528175,259.32288,121.204315,6420
2.102931,342.3775,118.47613,6553
54.143497,294.1355,120.76851,6536
21.464561,305.7182,93.01025,6525
38.24724,324.27896,70.7431,6587
31.354013,334.35602,68.02397,6555
32.688637,359.16528,64.71618,6541
63.76115,355.4988,99.441895,6526
50.73155,375.01047,116.95784,6454
123.43229,330.7254,104.43648,6428
105.22307,352.2388,69.97805,6586
66.150734,356.53125,93.131294,6522
89.12183,342.2098,94.87447,6499
67.56677,332.1981,3.6190631,6486
123.88666,318.28723,30.706148,6514
42.660297,370.0207,26.943638,6504
47.03983,370.99844,50.93268,6457
41.79017,322.10104,56.272053,6450
27.80436,323.2967,48.45408,6578
49.64278,426.55093,37.535587,6576
22.333136,323.52945,6.9634676,6566
41.144756,384.6875,61.022614,6495
14.780981,352.3341,19.150583,6454
25.175758,435.63144,58.63927,6568
15.495736,489.03027,45.03266,6480
15.16474,435.87436,44.238136,6422
57.063534,452.65128,13.728767,6588
44.583523,447.00458,20.198336,6587
40.73899,478.7611,59.625355,6550
93.9059,384.25705,10.349104,6592
116.15707,400.0677,8.250293,6559
84.88282,409.07092,47.121902,6555
74.404755,475.4082,56.285633,6552
89.79115,377.35303,21.453232,6551
79.40303,438.38794,62.716034,6500
120.70827,447.32425,37.853096,6470
82.597694,495.19632,33.96563,6467
98.61069,376.43466,59.853317,6591
63.840874,428.50452,117.464905,6535
124.38397,411.94064,54.7389,6497
68.78921,380.103,65.82957,6490
119.03083,434.0282,75.96044,6456
102.41269,449.3357,90.37403,6576
66.241646,441.02924,63.968475,6474
118.108154,425.32062,94.97904,6430
65.70716,478.69,92.30584,6416
21.74485,447.08188,75.19052,6564
60.932556,475.70334,87.307816,6452
12.931049,450.24588,75.44756,6422
3.447911,446.34515,77.67862,6420
1.3014911,475.53717,95.35472,6531
51.892403,436.4775,78.3996,6446
0.0498491,419.2276,80.50461,6442
45.685825,422.24182,80.411385,6442
58.479927,407.76913,102.14728,6405
5.9501143,398.15555,82.53587,6564
35.425217,402.52927,65.57551,6449
38.58792,390.37216,178.07024,6437
42.60711,396.6726,67.377655,6400
53.321423,396.11578,145.61378,6565
36.782555,442.45712,165.15721,6532
19.104227,488.17532,129.49223,6514
2.6388144,485.18585,154.51515,6456
58.993793,376.5416,126.662796,6416
86.68501,495.27188,159.35806,6585
84.656876,470.21265,156.58278,6544
123.78091,496.8373,163.7559,6522
121.39778,469.49896,187.939,6501
72.35102,476.99954,154.53995,6494
31.679506,469.40076,135.97781,6473
78.35486,497.08102,169.04443,6462
70.90348,425.7303,215.62512,6580
96.41683,403.92743,157.53813,6529
123.79028,414.78522,216.9,6527
110.80217,431.4448,216.38892,6514
63.552856,400.7587,161.64262,6506
66.62927,396.67978,193.93585,6482
64.02178,436.3068,208.78888,6471
85.396805,385.94022,206.10954,6459
66.37209,416.778,201.1292,6409
81.76057,401.4623,248.81157,6574
101.18664,448.34644,243.80908,6519
71.77961,489.3735,199.41132,6497
68.9185,486.84433,189.43973,6454
118.894356,471.11087,238.96608,6427
27.355778,471.72998,215.78038,6591
22.37076,470.7323,199.09218,6588
44.984924,457.48294,232.38715,6531
38.249714,486.1015,230.14551,6462
56.721424,438.8492,213.21553,6408
12.97186,421.34872,246.91423,6434
20.963474,419.20956,204.99034,6424
5.056719,370.60577,207.61713,6589
18.722715,348.0891,202.48598,6549
13.669941,343.41345,227.26547,6546
36.126797,350.63885,246.17087,6540
57.245834,327.044,223.71994,6507
29.177904,335.97034,213.08244,6487
4.226876,293.0221,219.52832,6459
56.848392,320.70465,232.91548,6447
8.0022335,288.7168,201.99115,6586
19.601788,299.11884,187.13704,6572
26.959057,273.88074,209.3667,6563
49.763542,259.89545,197.57686,6535
1.0170318,294.01862,190.6387,6478
20.985647,289.96616,202.38713,6465
45.266136,278.50244,188.60843,6452
24.98072,299.94067,168.00752,6560
21.701004,274.7573,134.51044,6538
52.16087,285.2123,186.7615,6499
18.049715,313.98883,172.4476,6569
10.415577,316.46213,175.03552,6555
10.987373,353.13382,125.95068,6530
9.281807,271.59546,129.2825,6461
7.458295,347.43906,184.20638,6455
8.527664,277.43915,133.7707,6450
36.22617,369.7589,132.22847,6439
10.7440195,352.6392,138.1602,6422
76.00407,317.47485,154.16,6591
108.77206,367.4575,180.22621,6585
87.40947,365.31882,147.69821,6581
93.59701,368.44745,150.0557,6554
111.88392,372.90982,162.73714,6549
80.54541,338.4182,142.26381,6497
101.49443,321.81058,183.79453,6490
118.95155,334.15628,161.72852,6485
90.20585,346.13998,130.35233,6428
120.98614,286.20117,155.12251,6582
99.48316,254.53929,172.1954,6494
68.524666,260.5252,146.02676,6494
78.552795,296.49728,130.24585,6485
76.0221,267.0119,172.21785,6448
96.57449,275.73325,172.60353,6437
120.295586,273.2344,154.92033,6427
117.95991,264.91666,154.24512,6413
89.14894,297.7852,238.544,6589
112.484184,262.6568,166.31554,6584
88.93402,260.96588,193.56828,6584
87.97434,294.6698,229.8331,6554
89.24958,325.60446,199.01582,6588
88.727104,264.3166,248.12836,6554
75.48455,331.93045,238.00789,6509
85.438446,322.04932,234.45499,6507
138.79716,349.3203,197.96803,6566
77.97063,372.04138,199.70605,6557
135.15198,371.49963,187.41661,6527
143.23135,365.6336,215.03908,6488
96.768715,368.27805,195.64711,6482
164.00235,300.05438,239.83232,6578
130.53056,323.29257,239.38528,6470
180.71419,309.01312,212.13574,6466
158.9947,315.52243,203.12349,6448
159.26547,294.0828,169.30879,6585
176.55983,310.20386,148.28084,6563
142.77444,254.21333,192.71445,6534
147.43112,293.37177,194.5855,6420
133.7402,286.0402,154.2763,6590
142.65984,350.44556,162.07372,6581
154.87477,268.9232,136.95728,6550
131.433,359.31277,185.41257,6500
132.4788,295.4072,154.52878,6497
132.70369,374.408,138.08228,6435
178.52585,305.6582,140.17784,6417
158.47775,345.0246,148.25874,6578
158.41646,356.10895,151.33023,6512
199.09175,313.09006,182.02548,6511
199.65617,331.4954,173.76039,6485
200.00345,346.6679,173.96631,6475
200.6527,335.7476,185.6186,6454
217.42465,319.3428,155.05104,6444
201.38283,358.2668,170.74606,6419
239.41393,303.3362,139.00423,6584
222.8273,280.72864,132.15117,6545
222.85768,336.32138,129.30345,6522
189.84499,274.01605,172.06265,6511
226.49905,263.09015,148.08919,6471
250.25388,371.83676,164.12544,6456
243.63068,254.3071,149.32625,6426
234.80244,263.40344,132.35196,6424
198.69084,300.49106,183.5355,6417
238.24446,251.51714,171.71275,6563
215.55544,282.09003,220.51498,6530
219.51874,280.8606,210.44138,6498
237.48389,307.91766,177.58624,6485
210.08742,305.9594,215.68266,6460
210.9601,311.65192,239.08403,6446
194.75458,298.1708,227.1025,6445
240.93492,266.55338,248.8354,6530
197.445,270.06778,240.29213,6523
223.25046,323.853,211.49504,6516
249.47696,314.21805,235.15942,6457
215.72241,329.50085,191.7653,6440
222.5351,365.03998,213.88062,6407
204.81705,401.34576,198.79533,6494
214.78937,377.93604,187.40059,6486
196.35693,395.271,197.22504,6474
227.64491,372.90955,233.35677,6446
243.0006,386.8724,248.88246,6445
226.41164,385.44223,222.47693,6438
224.56992,434.68515,193.82964,6590
221.36926,472.8259,234.10942,6570
217.38034,424.97043,189.30977,6557
219.38454,420.05136,228.42065,6496
220.12729,470.7573,231.26913,6440
240.54375,422.00775,214.97112,6407
208.60892,422.7411,195.60457,6404
188.87988,481.22403,235.85818,6586
235.24403,485.1832,210.60973,6541
237.17833,456.2571,205.65143,6540
215.9917,483.2855,242.65393,6431
193.7827,484.04694,235.46129,6416
132.17203,474.24084,213.55023,6569
137.75824,481.46082,206.97052,6531
182.04916,481.25375,208.99658,6480
203.54974,451.7845,221.51993,6472
195.53372,447.33905,243.12692,6471
178.40057,446.02472,202.39664,6405
157.20671,382.75677,207.58966,6555
142.8728,418.19168,239.24005,6518
171.6381,426.2725,214.46683,6429
136.33823,399.67328,161.15135,6577
176.88098,429.67163,163.08731,6569
179.04317,408.28467,167.65114,6466
147.47523,405.633,139.04897,6428
131.87,439.58334,130.4535,6457
215.04607,457.00574,134.27844,6545
191.79465,497.90024,157.98402,6541
187.56108,449.1067,129.66714,6516
182.19739,442.56906,163.22752,6496
170.79768,468.23123,151.7252,6463
179.63065,487.67297,170.88246,6456
216.68726,433.33682,174.61269,6570
229.89494,434.90927,160.07709,6561
203.71844,423.71622,173.26515,6525
230.43784,475.12555,136.47362,6510
247.82397,489.07996,137.98892,6507
201.4965,444.22006,161.95705,6504
243.26994,439.28027,155.97133,6492
248.14984,487.4078,139.1456,6481
232.87234,472.49985,186.41585,6474
238.64874,469.6342,169.22284,6427
200.41023,436.60214,169.94994,6581
221.5638,381.09106,183.70357,6540
236.75899,405.9638,111.82582,6435
223.45232,433.16348,121.60653,6556
218.7276,423.9082,114.66525,6514
217.89203,414.06937,118.148346,6493
224.01907,417.77393,120.75817,6479
191.19936,427.60828,121.63532,6434
246.62143,427.16565,113.16103,6425
216.45616,495.77386,111.545425,6591
182.52563,475.93344,95.44402,6572
234.62291,454.3144,86.682915,6556
170.74036,439.7057,76.72902,6550
176.395,447.55273,72.986115,6446
206.18529,482.45676,85.14588,6446
245.72485,456.63223,90.53435,6415
155.04095,488.33054,93.39864,6528
156.2537,398.06195,96.84231,6487
146.97238,383.9859,42.723255,6562
164.03596,398.4033,68.95443,6486
169.51189,392.36987,68.989136,6483
176.68146,394.44574,77.853516,6472
179.55295,401.8998,91.60508,6466
152.85411,386.56433,78.08326,6462
134.56395,435.6709,87.20221,6441
155.37645,376.28186,16.503502,6456
178.90506,497.26468,57.69396,6401
230.3751,324.27435,17.285408,6551
230.51706,458.83627,29.154293,6505
206.09775,424.14877,34.49061,6504
241.14922,415.99957,53.94595,6503
228.74525,420.337,40.782547,6442
183.58463,345.65662,18.824593,6485
194.85591,320.723,1.649439,6468
172.43764,345.48483,36.709896,6537
167.03809,348.40433,72.441986,6467
154.24844,314.36752,57.194298,6441
127.616394,346.02423,85.33948,6433
126.778534,345.33337,72.67085,6425
138.18643,318.37973,77.824165,6424
129.62602,332.2964,86.74849,6417
178.78569,357.02383,57.30658,6409
140.65704,356.9437,90.579216,6406
219.5453,354.03928,115.624916,6494
246.85121,337.91992,119.08346,6492
125.52074,370.89117,114.96355,6420
226.83786,261.27002,75.80493,6577
151.88866,310.15982,120.41687,6511
247.43483,257.1037,98.98064,6449
205.35547,284.21988,75.834595,6421
199.37509,281.72427,76.15842,6419
152.05685,311.47885,118.026665,6418
144.74013,260.2602,67.10501,6518
162.19023,283.13055,87.14106,6414
149.64833,266.62866,40.966724,6557
168.62311,300.5765,53.665607,6536
150.32924,266.14896,51.845715,6493
175.37608,300.57788,48.76181,6481
145.17519,273.17154,48.690792,6444
132.67522,273.94852,14.392276,6418
173.16167,280.02518,11.669404,6546
193.14426,287.96353,8.987549,6534
201.20323,268.7288,56.608353,6450
246.70372,309.30682,15.290282,6518
238.82547,299.37103,38.381176,6503
247.95111,256.14996,41.440723,6478
294.656,253.75867,12.856261,6567
282.33585,294.35413,40.279213,6526
286.1652,250.39043,55.559578,6475
305.4824,257.00082,61.231705,6439
340.9564,285.9787,37.09588,6584
343.76575,288.45413,53.064556,6542
375.3852,279.06146,50.68724,6524
343.914,285.9586,52.177513,6484
353.57938,305.44794,18.953806,6474
318.18076,262.94086,63.524487,6417
336.65128,276.29437,121.508156,6552
348.13574,311.63895,91.038605,6513
360.8111,250.11629,67.94092,6464
354.40625,254.73792,71.00006,6442
342.62717,305.34274,88.18874,6405
264.74054,287.44537,80.078,6587
302.82495,251.6457,68.479515,6476
309.15927,302.6048,109.23268,6549
263.16672,287.79572,118.92687,6544
251.56267,346.71814,122.14511,6505
346.12164,330.44067,103.98431,6570
360.06345,337.76825,37.70765,6553
354.94983,369.37103,49.361485,6553
357.547,313.5871,117.991234,6547
349.63272,336.38675,58.183926,6488
330.81595,349.713,117.08529,6482
289.68262,347.91354,101.25866,6405
296.17358,347.6295,29.2245,6526
347.99957,317.95667,34.555225,6525
342.68945,370.75745,23.129738,6491
335.54285,346.86197,11.83238,6480
347.35022,363.37033,15.96118,6456
250.98193,380.23654,61.22322,6591
291.42038,339.61823,34.00085,6562
274.74976,398.1575,17.96295,6557
279.77808,403.232,17.46364,6481
310.52646,370.29254,33.325634,6476
275.31204,317.2577,44.028,6458
263.75876,316.2136,7.326126,6411
297.1402,421.6189,30.100607,6548
274.64597,392.09106,58.557766,6502
306.91348,377.44864,23.265186,6466
300.10934,387.69702,36.45597,6446
261.35672,448.50522,61.50762,6576
296.96786,452.47543,52.363625,6561
298.54245,473.4017,59.43846,6559
304.84647,464.28003,3.2123325,6479
290.2635,471.643,13.727713,6471
283.7287,473.17834,10.543636,6403
357.16043,451.97815,19.420828,6571
327.62503,469.31714,24.591547,6467
352.67932,470.0345,44.875633,6428
370.36142,408.9944,13.12425,6422
370.92914,484.21652,3.3796856,6408
367.99756,405.75082,34.503918,6498
327.8325,398.1237,43.76273,6485
362.25644,401.5964,72.666016,6458
331.3005,405.71344,85.51775,6530
316.09982,424.34476,85.0942,6449
342.47357,387.37122,111.55966,6437
317.9996,392.3457,103.79755,6432
372.6742,444.83115,94.50353,6424
321.12668,403.25565,116.91286,6414
341.46658,390.5398,118.91545,6409
320.7954,406.07004,111.571945,6403
307.03088,470.53464,89.23887,6551
325.33688,455.7687,96.38139,6545
336.28647,480.01917,91.61339,6487
304.59036,498.48724,84.01595,6479
306.75858,469.61966,94.26253,6477
299.42194,492.00858,99.54841,6435
319.6822,498.9419,104.88488,6431
364.8744,457.8627,85.712685,6423
276.8551,494.24103,111.36259,6585
295.2531,440.4947,72.300255,6571
281.21942,490.37036,67.984406,6545
265.38165,481.44562,118.6599,6543
280.5742,497.44943,76.41909,6504
253.83763,423.97543,83.12673,6475
251.52606,425.1102,108.506485,6470
288.02112,380.62473,94.346954,6585
258.18567,392.1816,97.55996,6566
267.84122,381.42908,144.89989,6563
303.8013,384.2423,186.7643,6505
310.60162,417.4635,79.271355,6468
269.80743,381.69476,144.23445,6451
308.57214,392.02527,178.53256,6437
290.12683,430.41568,138.9992,6565
285.5084,422.1481,185.6043,6537
309.61603,424.076,155.40553,6533
298.6459,430.35492,169.50557,6456
302.7182,449.18774,174.13994,6539
321.48663,496.26575,157.43962,6472
365.4574,389.4991,130.14809,6576
317.22116,448.89316,176.94542,6520
364.54733,395.0643,129.01537,6513
334.26834,476.04578,177.57213,6506
335.1935,413.10428,128.37515,6566
321.56085,414.64197,148.29207,6506
321.9966,434.745,167.76668,6438
328.38455,407.32095,175.39153,6429
339.19095,416.07397,233.08754,6578
322.49402,420.6421,198.3791,6533
334.2574,434.82126,213.24815,6526
371.34198,390.86816,193.96123,6469
327.00806,472.1704,208.18048,6583
358.9233,484.89993,236.48215,6541
318.57382,474.2429,240.45056,6439
367.68054,465.3658,242.54413,6422
375.33234,469.3651,246.92746,6401
297.3583,497.58,240.01337,6508
274.31564,429.87894,189.34518,6590
291.7946,428.1659,198.1349,6554
294.5188,378.54697,224.22583,6512
253.97218,465.54233,227.0671,6503
257.10196,412.119,220.275,6485
278.0192,405.08234,222.30708,6529
256.9833,367.15158,195.57709,6404
289.14462,310.23,218.83423,6584
296.1756,300.15985,241.04509,6570
276.68634,268.56985,234.32477,6539
262.67282,310.34915,229.55708,6513
267.68024,254.68102,214.30351,6582
290.24435,277.7012,200.69402,6580
285.50238,272.5382,212.61357,6550
257.71097,287.21133,168.83472,6542
287.22583,295.13483,201.04814,6522
261.42844,249.91483,203.41284,6510
284.59528,270.26053,203.52567,6495
253.11307,269.1075,214.09694,6455
284.68118,264.06198,185.04228,6451
311.22293,254.44511,166.73053,6430
281.92368,347.9776,143.5484,6512
273.54636,337.73422,168.8535,6473
280.30203,342.4066,126.08534,6415
266.71036,310.13354,148.1171,6404
298.15216,369.2835,174.4638,6547
285.79343,361.29605,177.60422,6525
342.63675,357.86487,161.93213,6523
302.39932,368.42108,185.3426,6516
299.88254,332.04044,146.92307,6484
372.53732,341.11462,168.7167,6566
346.37073,327.1518,128.64317,6517
371.95975,373.6083,174.031,6499
370.87665,304.23108,137.32423,6484
343.662,289.49347,138.24059,6418
365.52722,328.548,139.71997,6410
344.6561,366.07437,133.17017,6408
357.3812,344.90396,186.27908,6407
320.89447,275.4473,179.80598,6583
318.7829,279.06866,174.35397,6448
316.7531,270.18427,168.79501,6441
314.75546,255.32764,241.59882,6571
317.04556,351.38007,211.21638,6496
316.86328,304.31067,216.6266,6472
348.11084,366.97775,190.93214,6464
313.52026,358.17804,190.17303,6463
348.9933,263.27515,229.15096,6455
431.06543,326.10754,193.59706,6577
400.84396,364.16962,243.41415,6525
433.89798,347.1519,238.99554,6493
436.86777,290.07855,200.40298,6566
419.27643,260.10104,227.89844,6559
415.29953,295.3998,229.97752,6506
401.03735,252.00519,226.97777,6499
389.7911,300.3862,237.50319,6440
432.08624,277.88144,231.8188,6420
430.7146,310.30197,196.677,6419
429.40775,264.70755,164.24307,6585
424.7697,264.9443,132.93628,6576
383.4745,269.45123,170.34647,6521
402.24066,287.5659,208.87947,6514
421.29694,300.11624,180.77428,6481
428.46298,305.74188,154.58322,6453
404.98892,286.4013,211.60307,6451
434.79437,269.52277,153.5512,6407
382.66763,332.42096,160.99457,6548
397.8675,282.42606,135.53476,6548
395.31244,352.4686,172.14548,6479
406.69785,372.53476,128.6081,6591
452.57986,370.44363,124.840225,6556
407.42963,361.18533,128.16383,6511
421.6446,320.7616,153.20282,6495
497.7448,318.98154,164.44359,6582
497.53278,317.84048,162.03879,6501
472.22162,351.63208,180.93063,6495
491.6945,298.49045,150.59706,6472
492.5883,310.36243,178.22577,6562
469.05664,255.7777,193.41171,6558
479.40738,308.5495,173.12323,6551
455.25037,302.62158,182.20212,6453
447.4183,283.05518,127.77494,6438
440.107,269.99997,232.40091,6435
474.3007,256.05798,221.14093,6419
470.9455,388.15012,226.59282,6557
484.51227,353.3776,198.71489,6546
480.94763,348.91177,226.33899,6497
475.20312,419.6116,226.68954,6569
449.16107,385.7516,243.56801,6504
465.47925,471.03934,205.94073,6567
382.9823,411.6718,242.61537,6587
387.94983,491.81125,221.02222,6570
409.8063,482.19763,249.95142,6547
419.15903,443.8335,212.58838,6542
421.6076,495.8797,203.7015,6526
406.8216,482.23325,224.64102,6508
432.1734,495.64362,217.51212,6506
385.8627,465.05484,241.3332,6489
410.21677,484.65225,246.56578,6456
408.85693,479.1463,243.66742,6416
398.4206,399.43802,216.06113,6564
397.99237,419.7721,217.65102,6468
433.76767,383.57886,205.69049,6458
418.33536,403.25397,242.4529,6457
432.43454,426.2201,225.91908,6414
416.51193,381.406,134.16333,6530
400.6621,399.90536,152.62384,6477
403.91006,425.83075,170.61647,6432
390.30347,497.07336,138.87086,6586
383.67184,474.5888,171.68585,6518
410.56412,460.23083,135.22888,6507
418.69873,457.36914,136.22516,6507
419.0004,455.41806,150.40031,6504
393.93948,491.95563,133.26506,6488
426.27228,475.3191,125.487785,6481
422.44168,485.94034,155.53094,6470
401.00818,428.32703,140.52513,6458
406.49597,468.27655,134.95103,6458
380.51993,481.5148,186.95226,6435
489.37042,490.8433,163.20923,6542
474.22705,451.0964,158.46358,6532
465.1711,496.81293,157.2552,6452
491.8853,447.72607,166.94788,6447
433.03552,442.73642,125.22873,6435
491.189,397.3409,164.90775,6559
450.63278,380.45822,185.14757,6491
475.7568,394.21646,174.1798,6432
470.0758,431.31793,74.965965,6586
456.05478,421.75885,115.559654,6539
452.08435,400.64804,78.77088,6423
466.63535,478.87848,116.746124,6545
422.7428,488.9215,87.83312,6523
464.88547,494.95154,72.6661,6459
449.87875,446.40253,73.681816,6431
376.77866,417.06436,103.09011,6546
422.1693,419.62735,103.38891,6538
436.91495,385.7628,79.44446,6525
403.2896,400.5444,100.05822,6505
429.9868,422.7541,92.048836,6494
427.97787,423.3841,92.32002,6455
393.7358,426.45187,94.148056,6442
432.42783,379.76315,80.6547,6432
404.56976,430.8675,56.548134,6438
400.1922,424.64957,85.23982,6419
430.40753,461.59885,50.905716,6589
399.72214,494.26263,31.051167,6567
393.1434,408.83316,13.421069,6554
379.4398,465.99588,41.08358,6551
378.27057,400.07782,14.606722,6544
417.66278,458.87775,52.130074,6517
390.8878,482.99072,54.729843,6490
387.1312,448.69537,39.849167,6486
381.8641,381.77206,9.006792,6479
402.13812,497.82358,23.482655,6446
403.74927,486.9086,6.6419096,6426
440.33942,445.82123,11.541694,6488
491.23593,433.84976,43.52388,6555
488.9993,410.48486,45.072647,6472
485.13242,469.55743,43.01855,6467
492.72476,402.3715,61.028088,6586
497.7937,386.24222,48.726334,6584
485.92557,396.95126,45.084938,6561
494.62625,403.39706,61.020103,6545
457.82367,425.07864,21.771702,6534
494.93463,338.7843,21.026133,6519
477.79153,341.34625,20.30045,6485
479.04623,345.09,25.921795,6461
495.34894,317.39172,7.3510547,6421
438.142,315.38184,20.710913,6554
467.11487,345.27853,33.315372,6513
413.23877,323.9813,14.668799,6495
491.3293,359.55948,42.413414,6415
454.70053,332.91794,4.090112,6403
377.74823,324.49234,40.030544,6582
407.0845,343.0234,70.198685,6487
376.9892,323.96838,36.777294,6476
424.88846,331.0684,88.03593,6467
384.37372,338.41794,71.66402,6464
469.62524,349.97803,107.38237,6541
459.58038,335.58987,102.85318,6568
441.23618,367.77798,90.40702,6472
485.89282,319.87927,105.21334,6403
476.80176,280.70572,120.23286,6589
473.89926,260.65002,86.479385,6580
443.68695,261.42764,118.67132,6567
430.33856,259.13092,95.21083,6560
472.15268,268.385,71.98576,6557
438.21423,250.04514,69.60374,6536
492.47104,299.54584,75.66543,6517
446.6294,250.71736,74.228355,6422
390.56082,256.4219,100.194275,6577
416.72366,255.8785,56.21549,6564
416.49133,300.3115,91.61272,6536
376.39822,260.38495,75.27733,6458
431.7524,310.85983,71.55059,6446
423.8431,250.8155,76.7422,6432
380.44687,274.3845,112.063576,6425
400.541,283.41534,58.658394,6575
408.76468,294.85272,32.65651,6562
403.03076,274.3832,44.074795,6478
427.42126,286.949,22.470545,6434
489.87634,286.9854,55.08752,6458
462.5308,273.10767,20.421911,6453
427.68945,250.92577,24.273314,6438
450.58487,218.0057,15.124492,6537
471.32385,236.77757,50.938133,6544
497.54285,234.29848,122.511536,6528
469.6181,210.31792,100.49652,6489
393.6728,211.64925,93.48424,6545
408.191,209.91661,95.05872,6479
424.25354,228.34183,82.2874,6421
418.75146,205.13652,66.81518,6408
421.36304,244.16562,104.020355,6406
393.18024,238.9045,92.462265,6563
380.45642,249.43802,87.98384,6557
391.11334,206.45808,101.77964,6543
390.60428,238.5951,121.851524,6496
383.89066,248.74068,12.214087,6433
377.5494,202.65027,53.00543,6591
380.17978,209.86084,7.539037,6584
427.81955,171.03062,48.93059,6569
395.04413,164.82854,44.35513,6514
433.0101,179.6241,45.045578,6502
417.84256,195.28317,33.80379,6432
374.88223,171.79173,1.9867337,6409
380.76144,161.2449,67.48496,6581
404.87915,137.08722,78.43427,6543
383.25064,142.04085,95.93114,6514
431.13898,173.97336,100.90032,6511
386.54092,132.01553,77.41322,6505
400.25058,181.15857,70.665825,6423
452.7351,125.809135,100.366325,6579
413.93225,136.85585,119.74879,6526
434.48032,158.45407,95.450264,6485
411.68683,153.06955,90.40724,6467
478.145,138.12535,32.926586,6585
448.34988,136.65382,11.572866,6449
496.5915,111.65903,44.33308,6571
470.7961,80.81358,54.452637,6509
454.43372,107.76494,13.284167,6499
455.8968,106.08075,16.620962,6468
498.5494,156.12126,24.62628,6436
452.49258,66.61382,49.84906,6584
463.7531,73.35871,5.7194905,6548
443.92374,87.95008,35.38087,6533
496.84216,63.332245,20.68224,6487
474.59528,67.81589,28.688795,6457
479.4823,90.05587,38.888756,6441
470.12085,83.860985,24.002895,6412
445.45477,26.289585,36.90019,6535
441.67224,32.119213,98.53207,6508
469.97,5.437189,91.91764,6456
482.92072,42.357048,92.6925,6428
454.4725,50.466324,120.161606,6538
494.48032,35.11979,115.5197,6507
496.2892,119.85665,83.94931,6506
497.6861,97.41728,118.96554,6490
437.01883,0.89036995,97.55462,6477
471.5118,96.74396,90.827484,6471
481.9595,10.616242,98.84845,6438
484.2856,122.727165,101.44527,6437
449.71884,31.022095,113.58768,6408
475.47626,95.230705,113.80676,6404
427.4504,118.74999,106.579285,6562
414.58044,97.087776,82.265305,6512
467.83444,101.06007,94.264366,6456
434.15317,112.554436,88.62316,6427
391.39502,108.454666,70.21311,6562
384.501,97.64297,100.79368,6498
396.83884,109.37029,70.80696,6483
377.95618,91.99931,107.3918,6568
380.36615,3.3775482,78.86617,6556
411.3105,59.14913,67.81913,6446
407.37415,24.6653,71.84123,6437
405.68393,5.799533,96.221756,6430
386.9078,92.27143,113.587204,6413
384.60025,61.200405,97.431946,6400
407.57217,24.790617,48.79713,6564
380.8515,41.84001,36.814487,6524
390.48383,50.251816,47.31739,6505
403.24725,104.00581,2.0522964,6551
412.46286,111.579765,48.517776,6521
423.14035,76.23669,15.783285,6496
377.5482,122.57219,17.793552,6462
426.93777,71.36377,8.961236,6441
327.9171,83.4747,47.315376,6572
337.25378,73.1336,32.376343,6500
365.88162,105.1762,50.525913,6429
321.37595,84.269646,25.64839,6425
341.58853,64.394775,8.43449,6413
338.68427,60.41925,12.643553,6591
337.00815,60.169113,44.986515,6489
348.5525,59.61072,51.4412,6451
344.2716,59.69421,88.25062,6436
351.94153,5.181446,87.66534,6538
317.17087,22.513458,124.973206,6532
313.49286,56.078316,66.612526,6520
332.80408,44.4766,121.61639,6503
342.96957,31.435816,110.90846,6476
339.24716,0.8436153,90.125496,6447
367.26862,81.26676,80.52916,6560
338.40433,103.44228,86.596794,6557
337.33737,98.25381,91.35317,6523
356.40698,89.96471,79.45811,6455
269.5485,84.482506,66.743324,6590
326.4013,107.74467,103.71664,6582
296.53397,103.64152,90.61333,6573
329.37305,72.79535,98.0335,6558
274.40244,90.99816,113.72833,6579
277.66754,31.84772,101.581635,6546
259.5968,119.015366,97.31107,6526
310.99603,5.4086843,116.33311,6489
308.7343,60.39308,110.94769,6444
310.76364,61.838192,82.24658,6499
298.09103,19.442148,24.794779,6591
295.4082,56.334057,60.11154,6585
295.297,56.293194,10.98271,6532
292.50784,18.91808,30.230165,6520
284.3315,43.547863,44.835976,6493
306.28836,41.565796,41.79702,6436
260.9324,97.30463,40.904003,6557
261.24094,150.32568,28.093935,6556
256.63226,151.8372,13.199724,6524
271.94418,100.749596,14.851902,6511
296.28265,63.136414,31.776804,6499
279.36285,71.02009,60.39951,6454
311.0809,70.11678,59.984142,6437
253.86661,152.01813,14.543213,6436
261.54794,125.42623,7.3366723,6406
270.42136,176.99474,17.313229,6582
254.27458,158.62308,55.547962,6538
260.41632,168.46573,22.874166,6536
310.93912,172.93767,3.267416,6508
291.7521,153.36736,57.870285,6498
306.7379,137.853,30.893223,6448
274.83395,153.90071,53.21616,6436
309.25027,180.15927,55.137054,6435
277.09845,150.03503,47.993023,6420
280.5467,190.64835,10.041006,6411
263.059,162.91403,4.957469,6404
272.16617,231.95871,26.238049,6484
283.78516,195.76799,19.803936,6468
304.61038,224.61284,29.802164,6455
324.24542,228.36967,14.9671955,6438
354.7836,236.32281,8.31732,6550
355.9061,236.06879,6.456218,6537
316.81583,211.94783,45.07895,6528
345.1909,243.30438,34.883617,6495
356.1579,203.65437,23.638916,6475
342.4829,236.17139,34.344925,6428
358.11624,171.25797,23.906279,6551
347.72083,157.15674,22.769455,6478
316.7839,167.91753,32.008087,6439
337.52722,162.96307,57.663876,6437
332.74734,134.37949,82.876236,6463
329.69333,148.71843,109.28515,6471
313.59357,245.54193,74.45387,6521
342.19434,248.24706,113.83815,6521
305.36142,208.0081,104.79661,6455
341.0582,243.83824,105.956375,6435
300.2776,204.08524,69.2612,6574
261.6429,198.78732,103.38131,6549
260.39697,223.70917,76.70762,6439
257.42764,210.47612,101.80113,6437
252.10216,211.49161,77.75758,6413
301.41617,176.11319,77.38715,6583
283.70044,171.61496,91.8284,6556
260.36444,185.8314,92.59204,6522
311.39514,180.79102,75.63362,6477
307.50565,151.33165,68.26119,6470
287.86716,155.48756,107.984505,6401
284.98975,143.49751,172.79893,6582
280.88498,129.21965,126.146065,6551
296.48993,146.50766,145.9403,6529
286.91394,137.55525,144.10349,6525
304.44913,150.29443,174.57715,6503
262.2673,150.29272,162.65318,6502
299.6742,142.73347,140.65198,6462
299.1784,129.52902,178.32411,6416
254.80083,159.61288,181.11949,6554
257.70596,220.4094,162.66797,6554
263.53598,164.99387,162.16786,6534
263.0674,203.86668,183.98656,6520
262.61734,168.40112,154.83052,6418
313.49362,233.0924,148.41768,6557
351.70718,211.00458,170.94382,6510
336.54144,193.07068,158.17838,6437
370.4372,154.77057,131.11484,6587
373.3379,160.96042,133.57721,6582
363.8404,223.25266,125.66262,6494
359.7803,219.96716,162.15051,6492
359.71747,226.54378,161.97571,6465
331.24844,153.48866,149.26791,6419
341.52026,174.30681,184.7983,6555
319.40375,174.91151,179.90561,6476
321.64474,129.75714,152.56848,6463
342.0224,175.91049,130.05785,6463
341.28986,172.52274,185.64397,6401
356.49048,152.10875,190.99176,6589
348.26227,147.56908,197.27707,6538
331.5518,162.08096,196.58408,6415
338.82544,143.88031,193.1042,6406
314.80997,235.03745,217.74025,6535
281.35117,213.49911,236.31117,6457
327.28763,200.40082,215.25934,6434
374.14572,228.30608,231.45699,6404
255.32204,180.35988,248.5452,6583
275.2344,230.13902,194.05424,6534
264.45773,187.7704,230.66599,6502
265.22794,245.24557,236.77284,6424
268.939,181.43304,237.5332,6525
275.90546,167.37401,234.18355,6470
275.53217,166.95387,223.30731,6424
304.99637,150.53363,194.33632,6409
273.1285,105.295395,188.866,6521
301.27652,79.78407,200.33981,6504
312.19495,90.29347,217.8226,6504
259.46,137.09435,236.58885,6452
257.06366,130.89922,212.0677,6448
301.5727,90.111305,193.1223,6422
311.6493,2.3240812,216.28719,6553
301.76794,12.08428,222.85806,6551
295.2412,28.809435,248.83638,6551
310.67993,34.809093,201.70207,6544
262.6315,82.5019,236.6168,6495
254.91986,71.93575,249.43855,6453
283.08505,20.134993,247.2476,6442
285.3402,18.440165,229.9949,6439
255.46268,26.691618,169.54503,6570
275.2181,10.9262495,159.4818,6411
272.13306,105.60684,182.63383,6571
266.81635,2.6631286,138.922,6534
287.1955,8.855164,133.5531,6501
291.37885,121.88739,171.19748,6567
285.96045,79.498055,148.9234,6531
336.30048,119.249306,162.3729,6412
283.1247,88.75052,183.80927,6407
359.42947,42.90616,151.09987,6560
332.32092,72.2037,170.33699,6468
362.89795,30.029991,141.88301,6401
348.71014,26.26328,169.79619,6552
327.8813,17.249086,228.8459,6549
349.65848,47.294144,173.06194,6526
357.71893,57.325874,169.1405,6520
321.38373,1.8181313,167.64336,6520
341.2405,17.586878,192.93689,6480
328.58926,14.006776,158.31375,6415
326.09888,4.4889636,158.73825,6413
357.81866,21.429636,225.60881,6553
336.022,108.72302,211.25568,6446
322.26334,90.13568,248.78262,6404
358.68314,101.30099,230.88826,6584
417.49738,93.91854,198.35048,6528
407.40134,96.81014,218.25137,6515
334.5747,109.804276,242.68039,6462
388.09518,106.12782,230.45897,6434
348.3754,103.93915,229.42776,6432
358.9766,101.66995,229.34845,6429
403.53342,118.08318,219.085,6418
365.77396,113.87091,226.49962,6417
407.85785,83.678566,211.64392,6508
380.48578,36.67566,219.10269,6428
420.10202,45.793243,232.78456,6561
432.07782,61.606663,224.9194,6400
409.90146,39.18134,151.59836,6585
418.17395,34.77128,144.49272,6530
423.83728,41.130283,156.62329,6491
434.90448,38.98339,159.52356,6474
394.99918,15.595578,150.16994,6423
437.55014,96.060394,155.75803,6538
454.70383,65.961975,152.8014,6534
443.82602,81.93219,155.8106,6467
434.2276,92.36153,167.6517,6441
377.52396,99.68906,183.4065,6423
490.46097,122.21924,157.89659,6563
493.5386,89.85875,163.89355,6557
483.7775,62.235847,183.06818,6554
487.42487,78.61482,180.95557,6479
488.72745,115.38695,149.22165,6478
490.17172,113.61418,150.07758,6431
484.4452,5.2521977,169.94656,6481
458.51022,25.27193,143.36908,6402
456.5211,29.057802,203.75227,6584
454.02777,13.359682,198.10355,6525
457.16708,29.777508,248.47054,6494
489.34625,29.778488,239.16307,6492
499.44626,41.309658,212.87868,6490
494.0653,42.723606,205.5789,6483
497.93842,48.90306,245.72452,6575
482.5281,78.926346,245.3774,6563
450.89856,114.9954,209.05069,6558
461.5494,123.02728,199.73193,6444
481.63507,54.327423,228.38737,6417
464.6312,116.06999,201.53676,6406
464.37823,122.54955,211.14351,6579
477.34537,112.9089,229.6754,6559
470.41068,185.6352,221.58936,6517
438.32605,156.69244,219.78322,6504
462.52356,156.87874,224.74821,6491
468.0262,102.19695,240.81758,6452
472.6164,150.19258,237.26845,6432
449.22946,128.38762,217.52731,6559
419.0901,137.02835,125.91463,6525
458.9401,141.74596,157.82384,6479
445.44437,159.58861,159.34238,6476
466.73337,151.80849,169.38751,6466
398.16318,135.50436,164.47154,6492
403.8849,129.48997,159.3729,6491
390.72726,177.54509,180.41621,6478
387.22314,163.07068,250.36562,6436
428.09668,195.8672,226.7528,6407
392.61795,234.25081,239.26735,6516
412.07715,224.26343,234.96603,6416
443.84125,247.44907,131.55205,6559
411.84143,231.98952,166.49985,6551
485.41434,194.19495,178.17773,6530
422.37805,234.8321,144.35472,6516
447.3423,226.92241,155.82417,6473
453.75455,240.9014,179.49318,6467
467.83188,235.8129,158.65887,6466
417.32547,244.31844,128.25311,6437
445.50537,232.83527,155.52747,6408
445.8111,215.51418,246.72363,6566
457.29468,236.69096,221.92213,6566
493.17084,227.09393,142.0982,6556
479.45352,244.25659,208.72652,6556
495.4448,236.44073,172.73227,6534
487.91064,243.94945,195.90932,6532
489.75494,228.86784,144.75386,6485
497.40765,229.76926,175.2254,6430
457.0715,238.363,209.97127,6411
482.02582,248.02872,184.19922,6407
448.87448,199.18462,193.1267,6405
494.12173,189.25496,235.88606,6512
495.4043,223.12119,242.95891,6492
490.13925,197.39555,273.80545,6467
475.20926,194.05377,300.15958,6409
492.03134,238.55005,373.50427,6587
475.40344,190.81685,326.8846,6567
413.39056,222.08797,372.35983,6589
385.42395,249.16826,304.879,6435
394.0711,225.23683,358.42868,6427
420.7125,219.34865,282.7527,6591
424.8289,245.17482,301.44846,6573
402.36176,216.08908,286.13406,6507
395.01425,241.23708,293.92865,6478
389.8361,211.32336,306.6775,6445
392.6076,163.84477,310.84967,6427
402.52072,210.12999,278.4134,6419
404.24893,142.41098,312.51028,6588
379.78674,136.16353,282.1696,6561
395.262,179.43582,277.68112,6539
406.24493,148.2804,259.155,6502
428.2989,165.64052,271.75146,6434
464.47318,126.64444,369.3067,6570
413.938,143.40727,321.92163,6498
418.9333,186.249,313.4123,6490
424.07034,156.87013,313.18362,6414
457.11264,140.4214,363.1891,6412
462.67847,183.12874,366.4823,6564
493.80673,143.00137,326.777,6509
482.31845,160.9966,330.41592,6508
486.75983,126.090485,328.5407,6502
471.6947,163.13751,351.9082,6498
496.6404,170.609,360.22476,6441
485.59705,127.184296,316.83838,6425
460.622,176.85753,338.56192,6401
486.0649,167.18353,311.85995,6585
468.77304,150.73355,278.82224,6520
457.8347,178.04184,303.26205,6441
453.56622,143.13486,257.80594,6437
495.57703,164.60323,291.4114,6425
446.7015,120.28744,293.55603,6562
489.17017,96.789925,263.53162,6530
447.43008,97.95113,294.39175,6507
456.2081,100.34939,295.17865,6467
444.9811,160.7656,274.07895,6453
447.8501,95.59383,298.40405,6443
465.6538,109.31245,298.99222,6408
463.4634,86.34139,309.83264,6578
480.0323,0.24933739,270.35532,6505
484.56894,58.24458,257.8068,6496
483.7398,74.100525,305.0281,6453
490.65195,69.37897,301.5454,6420
472.95514,78.390686,286.0952,6400
470.35614,53.621975,303.79718,6519
492.98444,37.326088,301.8904,6516
494.0875,53.541626,289.43658,6460
464.3883,32.625282,342.26767,6584
490.67825,19.36747,372.5296,6580
455.42804,14.754625,370.60583,6504
441.86252,18.369623,353.40442,6444
491.08698,50.50294,354.24738,6429
448.35526,41.59925,327.9451,6420
443.00418,65.84395,326.3593,6578
442.97693,73.131714,369.58774,6564
445.28503,69.68314,370.2467,6517
444.63318,87.29926,347.00806,6510
437.69992,111.618484,342.50403,6496
444.07346,100.16881,359.80093,6420
423.8564,120.39469,315.96976,6584
405.03687,98.87627,339.77017,6546
378.55603,67.71598,367.3258,6519
408.1107,90.31559,323.61176,6511
433.15048,58.892387,351.29276,6572
406.05417,46.06437,293.62158,6564
397.04883,32.43053,285.27847,6560
411.72626,6.241189,308.33218,6516
387.06537,45.062656,281.05984,6407
423.3845,81.020645,303.50052,6542
434.0467,93.49657,299.12683,6437
413.13345,52.98272,311.68915,6423
414.73337,48.289444,291.97098,6415
390.85706,49.43047,278.25214,6408
319.1208,120.5639,268.10022,6562
416.72064,121.86907,294.9422,6497
321.13626,124.64274,276.2744,6496
357.99582,110.04211,275.32776,6494
333.59656,120.01967,296.73096,6443
427.22433,117.69194,310.27408,6438
384.02768,92.19666,294.67697,6434
401.4053,83.70304,294.42462,6406
358.2247,55.126514,267.623,6555
332.74997,0.8196122,278.86807,6545
330.1966,13.643695,266.07678,6519
360.96014,92.29814,302.8453,6478
358.94693,72.97191,252.69107,6430
354.4303,41.170654,342.57468,6495
316.86227,31.009,298.7322,6493
360.8889,6.43737,302.50024,6489
335.6468,21.877464,305.63165,6463
323.94998,51.7785,361.18405,6572
315.2032,9.252764,353.0775,6532
326.85754,48.390114,357.38342,6523
331.52194,45.91206,335.89,6520
358.7808,499.944,317.9265,6501
346.58713,13.885345,359.92957,6465
317.38058,27.541586,334.31946,6456
330.66794,1.1925324,342.924,6412
346.66837,80.98469,317.6477,6539
277.84955,72.625755,327.40793,6523
295.63568,118.5175,367.5222,6522
298.39362,61.205685,371.03015,6591
272.27805,20.29517,361.56693,6588
275.61923,18.478642,360.08005,6552
303.34293,18.115866,373.53024,6544
263.86844,21.226078,363.80707,6538
303.5125,15.9135065,361.62555,6431
276.28772,62.72135,310.51572,6580
271.5303,27.775293,301.04782,6519
258.22565,35.88229,297.08273,6483
272.60266,61.744873,329.15775,6483
280.49448,35.692764,296.80182,6436
250.60062,38.626434,333.98285,6425
274.41138,16.576149,342.69025,6404
279.0759,79.39113,262.44702,6533
260.2728,17.727571,265.3798,6532
298.87094,64.77723,292.6221,6503
307.80148,14.514339,266.69528,6472
251.25897,100.13265,264.32205,6503
294.70032,166.27701,298.51614,6461
280.769,234.60585,277.05215,6553
300.13885,235.40552,261.33478,6534
295.55237,214.78369,298.8526,6485
366.39426,208.08421,274.86093,6579
367.3114,208.90279,280.3035,6559
347.82504,197.77301,273.17825,6527
371.01407,208.21904,279.67053,6504
354.10733,201.04036,265.567,6498
348.5114,199.63274,265.0094,6483
352.92944,188.13661,276.7968,6452
352.45197,141.8366,279.87048,6500
349.51846,179.36937,351.10617,6584
358.15842,164.66875,367.31387,6435
325.58478,246.17918,336.81006,6511
337.1792,235.90015,320.59406,6501
295.491,211.70224,358.6243,6442
361.133,232.85187,328.59265,6429
305.80414,227.30902,368.60977,6422
254.16946,241.0237,326.5703,6533
272.72498,248.17162,370.97412,6527
279.48532,214.32172,321.24005,6493
294.72122,237.14009,341.6328,6402
255.46999,160.1497,316.80798,6547
290.84552,152.29138,368.40118,6472
254.00381,147.06055,403.16815,6441
279.42667,235.55228,437.15884,6585
295.948,235.85255,413.83496,6577
255.56447,228.27849,422.55496,6552
272.92838,156.85788,433.6685,6550
303.5116,231.4735,410.15222,6544
276.44257,175.32095,388.83798,6537
298.33777,221.75883,378.67337,6534
304.83945,182.36891,377.53738,6460
273.1463,169.95538,379.02164,6455
300.6527,195.67903,391.10104,6545
365.7447,193.06287,434.64563,6512
354.49774,218.39452,422.76807,6484
349.6245,232.3279,405.9089,6468
340.06067,220.71164,423.29672,6464
337.05252,214.00162,399.81284,6439
346.01947,177.3438,401.359,6413
318.31534,129.02083,411.14456,6586
335.39194,159.65126,437.04498,6564
329.91095,175.07466,412.08862,6489
325.29715,134.58089,412.6182,6460
347.10913,166.85027,395.4724,6431
375.01105,151.60895,474.95566,6475
313.43442,202.74736,448.01987,6543
316.1277,204.01445,485.91672,6534
345.79016,244.66249,445.1517,6465
367.27,201.67288,475.04608,6463
336.82056,218.74303,475.22723,6424
297.33627,210.88701,440.8079,6556
273.95047,158.6923,485.7277,6504
260.61493,207.11307,487.22955,6495
288.95493,230.02888,455.68677,6490
291.00714,233.42876,497.025,6484
281.87485,234.51138,494.32248,6440
307.35672,171.45032,477.74838,6588
261.2182,168.76434,466.3378,6507
264.4157,131.61842,490.02457,6448
306.53964,152.67667,471.51764,6416
256.01547,124.61667,474.50876,6412
297.17728,63.97529,486.4738,6553
299.63974,84.92898,496.9726,6537
295.38223,15.03407,485.20068,6488
294.26315,5.7402496,492.23047,6461
299.4849,52.01317,449.8189,6455
308.88654,59.81983,445.5412,6419
258.54016,2.4772627,394.1838,6485
255.43024,16.696129,415.6998,6482
278.9294,27.78146,396.8797,6479
303.35754,8.193747,402.2244,6473
283.15448,48.054165,392.36154,6472
280.29214,51.466106,448.67456,6442
277.7762,52.80457,450.97086,6409
252.5918,42.892857,390.01953,6400
284.3907,124.612816,407.6581,6583
253.41397,122.965324,382.42123,6541
260.7039,106.295784,434.82214,6466
266.23175,123.03999,387.6875,6427
289.27213,93.883354,421.79077,6400
359.3671,110.39379,413.93353,6494
314.07986,36.789505,387.20786,6575
353.83752,60.480213,442.56897,6563
365.42932,45.991776,410.91837,6525
361.24255,61.30058,391.20865,6523
362.83987,34.432487,433.88232,6514
357.5153,48.01385,427.1695,6436
345.59952,17.420818,386.15598,6430
361.04462,34.814846,435.82056,6428
360.48083,71.128426,472.30762,6534
320.27118,59.84807,462.34058,6474
342.35794,27.071285,449.4903,6460
328.31863,39.62862,480.50394,6450
346.98895,36.487892,490.73712,6416
388.2594,122.01629,447.8694,6457
436.9444,107.93345,458.06543,6437
363.99347,119.2543,494.3112,6431
423.1648,67.65971,489.6243,6575
407.51355,34.378483,458.98065,6564
399.40994,79.86637,494.8449,6535
427.3483,12.666386,444.57568,6455
427.83804,29.143032,375.75845,6538
402.56946,43.13923,432.6532,6516
401.26917,43.09764,382.85077,6510
430.95282,10.864053,401.49213,6495
415.0716,38.151928,389.98798,6493
395.29514,41.36859,464.95407,6443
404.74048,39.437725,459.77527,6441
406.5804,76.12383,409.63794,6577
398.67746,80.2456,382.71844,6575
401.31046,70.53922,405.8841,6500
394.7729,110.25493,388.14462,6495
417.63452,65.77232,396.82895,6413
490.50732,89.78903,430.81732,6583
454.51956,81.510475,381.43192,6560
452.63904,89.16164,392.5985,6534
465.44708,78.38319,416.90103,6530
470.57202,120.66403,420.51483,6530
476.0034,98.22741,395.3987,6514
462.39246,81.304886,393.23007,6506
450.12766,101.459946,398.40988,6448
460.42892,109.16708,397.12302,6431
439.98132,10.57408,391.76028,6555
482.66385,39.09426,394.2206,6523
457.89224,57.46001,425.57764,6498
477.77997,20.371399,387.73453,6482
0.1879723,26.57206,399.6982,6462
486.58572,4.9719357,376.4807,6460
470.39166,7.425044,427.3577,6570
492.18985,61.77153,431.51053,6529
494.85336,18.20908,443.7173,6521
491.0214,35.225903,492.6752,6416
456.85678,116.05888,463.742,6567
453.73254,72.874756,447.20496,6509
440.5238,94.83206,441.59448,6501
490.13168,103.5725,463.90436,6495
465.58426,100.7834,475.41113,6478
459.14008,146.99852,490.501,6521
488.99445,173.26578,474.94373,6521
495.3699,123.11991,471.79697,6506
476.9785,107.51732,476.82135,6456
440.1016,146.88509,476.3203,6451
472.188,167.68237,491.4754,6445
457.26178,144.16612,438.3528,6411
481.86096,154.42184,382.2697,6558
473.9765,143.29398,422.82254,6512
470.64716,159.82678,440.06183,6491
496.17188,166.13719,456.34006,6463
499.46033,133.14072,419.91092,6411
464.9058,154.04886,404.59402,6567
428.31677,178.13544,419.0765,6526
392.74908,168.73267,434.5243,6486
447.86084,141.15211,429.87057,6469
394.2947,136.32137,415.49365,6589
381.7598,138.1258,388.97556,6523
382.7908,141.25928,379.7358,6520
395.097,144.70609,390.68347,6497
388.23798,132.39311,479.54965,6457
391.28754,138.45059,422.72,6445
432.12387,211.92722,491.51746,6590
381.8281,171.55844,441.61124,6586
410.17355,185.53047,486.7329,6572
417.95105,231.33257,464.90985,6548
415.78204,170.80276,482.3821,6486
389.0192,188.43063,471.71628,6446
411.56097,200.28702,473.17328,6422
413.69388,172.75673,480.55817,6413
379.3261,234.05505,449.63065,6583
379.8501,235.594,458.0983,6554
432.86557,189.36943,408.60876,6485
381.82654,220.70953,388.09537,6469
379.71368,228.0192,442.09106,6462
420.71786,214.53229,411.627,6422
460.3581,215.9191,378.71692,6585
437.6066,222.97415,433.05588,6526
458.1691,208.08153,387.9993,6517
477.2235,198.45409,378.0061,6510
473.48782,215.59787,428.96246,6415
456.56357,230.50868,497.35938,6546
456.0059,224.57362,480.69916,6543
496.03818,191.97444,483.19006,6496
479.29306,230.63196,431.7547,6481
441.15305,242.02826,450.69507,6468
493.28894,293.2611,482.6485,6571
0.07941682,252.9801,491.45255,6557
483.16382,271.97098,467.31747,6553
481.1071,237.52312,472.62225,6454
491.5047,239.0168,471.82925,6441
441.34058,289.6752,492.43774,6426
489.58365,277.33374,472.43417,6426
420.38824,268.06778,449.71353,6591
407.17365,253.38762,429.0581,6540
374.93805,260.07068,456.0205,6516
413.5648,280.9922,407.31403,6417
420.26004,306.63345,412.16608,6571
406.04172,295.2075,432.5159,6559
414.1604,305.36368,375.33722,6541
498.26633,254.4255,390.53635,6518
426.87308,283.04245,386.65067,6455
403.3885,308.79654,384.5482,6404
482.14774,296.07654,431.2273,6568
440.8252,315.58923,425.72186,6464
465.7023,298.64862,393.168,6442
473.5729,341.14542,436.63815,6442
450.35242,271.33698,429.9798,6441
437.6473,337.79037,418.64664,6437
414.66476,324.19452,376.94583,6590
445.40155,367.14694,413.44208,6582
486.2957,354.23914,398.82584,6565
436.86392,365.75626,382.30167,6560
487.56488,357.4899,392.7554,6473
442.59967,366.7655,385.87305,6466
416.19165,350.1852,394.77383,6455
478.0343,356.3434,377.95224,6414
405.223,370.62143,403.02148,6403
434.3401,321.83472,429.52664,6579
423.41928,350.02695,428.27737,6568
410.7783,322.98682,460.43445,6512
435.60718,342.28375,410.29123,6492
410.23572,319.3413,424.1662,6472
419.63644,340.40652,438.0084,6447
377.74374,322.4934,413.18372,6444
478.83875,370.93848,459.6214,6570
456.25815,316.33444,469.3825,6476
395.28912,350.8808,476.01877,6471
479.4669,371.74316,466.36023,6432
470.23157,352.9404,455.70923,6423
492.5529,328.55597,456.87402,6571
489.7846,394.8758,448.80768,6550
461.7862,391.57385,444.37262,6506
496.3716,406.60217,461.28668,6413
474.98618,340.95926,441.5598,6402
458.8526,399.91797,477.77374,6572
491.6584,428.5912,437.33395,6559
463.3674,383.43396,476.1207,6526
493.7345,486.92487,498.2649,6526
451.91684,413.55096,453.00662,6523
489.06207,418.6435,488.5175,6461
492.69232,432.1926,440.82886,6456
452.90088,422.8093,460.52182,6455
437.0493,405.87866,474.32343,6435
458.52002,489.8678,486.33316,6566
444.38034,463.54736,453.12744,6509
447.82617,455.9853,455.0202,6496
452.26474,474.8086,450.01083,6476
478.13943,448.6012,438.11856,6462
455.82224,439.84445,457.36685,6439
445.18777,451.17267,474.5487,6405
407.26584,475.54916,495.45117,6578
425.04214,456.99902,474.113,6564
404.50015,425.04807,480.58444,6551
428.76202,450.09866,464.44043,6460
394.8282,453.35602,480.37805,6428
427.2175,470.6896,474.1461,6409
418.03635,398.4821,457.76855,6577
402.54404,413.6459,476.09528,6550
422.6173,413.58,461.89432,6547
383.06247,397.39252,459.4882,6540
410.71326,395.64203,426.58545,6527
430.04657,398.7967,442.5766,6524
435.60742,411.27924,488.8735,6459
435.51932,401.71423,454.05124,6444
386.05106,394.4183,422.37582,6437
437.74896,390.3989,379.1684,6568
437.51376,396.8318,435.77194,6564
435.7681,399.07123,437.09232,6511
398.80646,393.2243,385.99368,6503
402.61307,495.6504,417.42856,6548
433.73328,441.64313,403.03702,6411
392.40018,482.0882,423.63004,6404
495.4387,475.30185,399.6526,6553
492.7783,464.7947,409.40598,6553
451.2001,476.71597,413.5982,6525
485.15646,430.8101,381.41293,6507
485.21628,466.19513,389.73755,6490
481.62573,455.61157,408.68472,6448
442.01587,379.84512,375.17792,6522
444.70828,399.1669,410.7997,6500
446.35202,377.75797,404.09476,6424
486.82874,421.00772,392.46353,6418
496.19363,399.0625,381.66235,6514
468.52286,435.84445,360.94193,6442
486.7803,481.1247,370.26648,6512
378.7882,492.10144,324.00583,6572
376.61923,440.4715,316.34454,6551
419.51416,450.3852,373.7763,6528
395.23267,453.97928,353.45648,6584
430.8467,384.64755,317.45193,6563
411.38324,421.96375,370.32797,6549
384.69037,437.10657,358.93872,6525
394.16626,427.40527,344.9283,6446
395.36374,473.7203,356.31152,6444
408.10187,429.9632,346.95392,6438
425.21976,396.27692,344.42007,6421
387.07825,408.72345,363.29874,6410
423.69406,382.7156,294.08197,6522
389.70078,408.77344,295.85257,6513
395.76562,431.8154,291.39746,6480
410.42673,375.47897,312.5384,6473
436.0122,398.23257,332.08972,6452
395.7161,389.5107,306.51324,6425
387.25543,437.79135,279.60098,6566
384.44592,423.46246,263.8633,6507
397.59735,468.1531,253.04665,6502
399.97745,498.10306,279.98193,6485
404.78598,402.28867,251.51181,6445
439.54803,451.93756,307.88556,6572
448.88995,462.45947,262.50995,6533
408.78683,466.47482,274.75208,6415
457.84674,430.38773,301.49194,6592
472.2319,450.2026,300.28143,6577
493.92746,491.57025,296.07968,6514
449.3116,430.41568,290.43735,6509
498.39334,450.9382,267.5642,6496
460.08957,417.06995,286.55746,6474
457.38297,412.3949,311.49213,6425
480.66022,405.38025,299.36475,6554
494.5472,373.50525,291.5174,6527
481.55017,367.6515,308.60843,6524
443.23285,358.5905,300.89084,6500
440.01382,275.1601,263.9363,6566
456.0129,301.545,302.91245,6553
438.59045,330.5993,264.3215,6418
469.09103,250.54984,365.06702,6585
489.71042,332.12466,368.35138,6557
486.0625,253.22916,331.19476,6472
499.97226,257.05917,316.15125,6459
441.68335,359.01718,352.17523,6540
414.779,365.11963,353.74792,6504
484.17465,372.31848,319.4144,6482
486.27902,313.18732,342.37244,6464
487.79202,355.68628,374.05737,6434
428.6483,320.71753,368.15604,6410
426.97726,326.13666,336.975,6558
394.0664,315.0503,314.387,6550
419.74112,333.4173,333.8263,6539
390.00107,262.6329,353.73376,6429
431.87714,257.12024,369.14523,6420
422.08502,290.34018,326.96838,6504
430.29257,269.94266,334.23798,6432
432.9853,262.3182,272.5911,6573
400.65558,259.8562,267.91235,6562
404.89056,339.36163,256.7419,6549
406.46948,359.41745,310.59973,6534
376.53598,280.93942,267.39896,6530
414.4014,259.81433,264.81656,6498
425.85666,341.6192,281.4321,6479
433.7259,259.6159,272.31714,6449
382.847,335.90332,282.37485,6413
352.79337,372.09283,273.05624,6539
373.0516,349.789,252.8291,6510
408.11835,344.25623,300.51746,6462
430.3395,354.00574,302.25778,6451
364.54892,268.63376,268.48438,6551
367.59186,265.45462,280.7495,6534
327.8402,265.6206,251.15329,6491
335.84055,291.50787,266.3022,6475
348.44244,346.68848,303.7787,6466
348.0847,302.90536,261.47815,6440
351.4394,254.66005,324.50674,6568
355.84186,361.90714,349.7863,6511
358.71777,284.25986,368.08612,6422
308.59134,358.85992,323.23486,6543
337.58313,339.88,369.56827,6463
305.63342,328.6105,358.8431,6453
292.50067,316.97156,340.5904,6443
338.75482,372.3098,323.0305,6413
300.10236,308.3563,336.45993,6584
253.20625,321.38004,327.52527,6578
294.7447,279.7617,338.87137,6577
277.6,351.84775,316.34155,6537
258.99722,366.2176,338.84122,6403
261.99792,304.61435,295.1063,6582
257.71124,266.45007,298.45102,6492
260.6491,255.60806,300.29852,6421
259.43466,283.6293,256.73434,6527
306.0619,331.77777,267.8793,6526
277.89633,308.67468,271.121,6474
287.407,275.1959,266.32715,6470
265.62067,341.36618,265.05115,6439
308.64218,372.03378,267.35413,6583
284.0979,365.74066,299.4713,6529
267.62634,345.51273,269.29074,6524
285.1487,362.09387,296.60843,6497
283.25818,356.1569,274.2813,6472
289.98746,355.84586,309.86685,6429
311.54257,347.60922,280.6485,6427
266.4988,388.73236,258.05045,6416
261.852,421.42508,266.7668,6564
252.60297,481.26447,260.01352,6562
281.4244,477.1783,276.05402,6468
285.5081,408.48953,267.65524,6437
283.90747,418.06958,294.63913,6406
253.85962,471.34238,310.07883,6592
253.77946,478.03494,304.981,6400
336.49716,438.56137,310.9016,6592
324.25232,460.14716,305.91382,6573
352.73627,482.38696,293.3428,6548
332.5343,477.91782,266.10303,6544
361.87753,451.01575,307.88208,6466
358.7105,456.28076,305.4578,6463
332.79785,475.07144,307.71118,6432
363.2497,489.29788,266.45703,6430
336.05252,446.7837,279.50928,6417
369.21173,483.40707,252.88268,6542
337.93307,433.41895,303.42255,6528
321.98077,391.88574,255.68985,6456
360.18176,378.7792,301.00497,6418
374.6025,417.39243,334.42642,6564
341.2301,379.61026,352.7615,6520
362.62656,424.372,328.76938,6505
348.27817,423.42642,290.33148,6467
360.00397,423.67056,301.89124,6403
355.3741,443.25458,346.10355,6587
354.0996,484.93723,371.97223,6475
359.79114,492.85687,366.6888,6448
323.75253,497.99872,333.14874,6421
353.4629,485.56155,370.11768,6413
292.466,455.62506,346.68155,6586
298.0863,490.57028,335.45935,6558
296.01602,455.18085,369.52933,6543
288.15564,488.20773,334.33267,6513
320.02716,448.7769,361.51825,6459
266.15024,489.79724,355.94348,6565
255.74937,470.44925,343.7816,6450
306.69962,390.56894,364.96124,6571
296.76706,422.07306,385.42975,6559
272.6183,395.17212,325.5961,6494
251.52985,387.03403,365.35294,6475
311.99197,383.88544,325.83972,6451
263.54004,379.94736,320.62164,6416
266.81155,377.47574,314.07013,6409
307.81384,389.58963,323.68454,6402
270.4646,411.48904,394.18073,6533
303.29575,430.73947,397.31683,6456
286.96216,430.03903,382.8788,6419
297.1855,445.7286,383.40677,6583
305.33844,452.57242,423.295,6583
272.84622,450.81094,419.89075,6536
348.39426,375.13245,403.18796,6583
357.44177,429.52814,381.93442,6581
357.65225,431.7256,396.79395,6570
349.42456,491.57797,405.9118,6568
366.40652,417.00073,398.01373,6550
364.7665,466.33994,393.59113,6492
315.4648,438.6925,429.2321,6481
340.13904,471.97092,419.23764,6481
369.67557,464.56396,386.9351,6477
344.84927,419.239,405.25833,6439
338.67648,380.51755,436.7203,6497
327.57516,420.07205,467.07437,6433
345.5038,397.24936,426.36554,6420
362.6284,447.83163,495.72516,6558
357.8882,453.71085,455.39777,6551
315.15106,377.75568,481.2079,6507
364.5694,394.28827,478.9443,6452
330.22208,492.7535,464.12335,6447
337.3387,454.46725,450.46915,6441
341.57315,404.7935,470.66095,6416
374.0974,464.47336,491.99225,6407
320.8961,477.9763,495.95306,6560
253.4312,489.43698,441.28915,6500
304.3035,455.30115,452.01913,6495
286.41943,495.39908,498.61737,6456
258.3439,451.6421,469.63443,6567
251.19064,461.55157,498.4529,6556
302.5024,436.71262,460.74026,6555
261.76953,416.8814,497.482,6471
264.2211,447.65146,481.6226,6412
278.88428,383.3597,488.71942,6483
283.81833,325.28668,474.74014,6535
336.31168,332.7105,454.45752,6527
296.1621,342.78146,438.23615,6519
307.4704,336.13574,465.95633,6503
301.43625,368.93164,442.19913,6404
332.91425,319.07053,460.85263,6403
321.55743,334.7133,398.33658,6592
371.9595,352.7722,456.46353,6576
359.09595,347.33655,457.0275,6574
353.62943,332.05685,407.924,6567
355.6718,315.01053,379.0485,6497
353.65912,330.44595,409.53195,6445
355.55313,320.66104,399.24646,6411
300.82068,358.72415,381.83157,6558
299.67996,338.89648,425.2606,6550
255.9228,322.78384,413.56543,6540
322.6937,362.2886,392.50485,6529
300.3363,359.32297,398.5763,6517
249.83083,373.8452,407.18805,6431
310.65018,290.9475,416.01785,6586
281.96588,290.09705,433.16263,6559
292.35587,290.69916,384.31674,6441
262.58572,275.42667,422.78644,6421
314.19318,285.65234,388.61578,6589
336.17538,294.67447,423.52203,6583
313.65094,283.75992,376.7926,6556
358.0611,288.87482,396.77057,6503
372.85464,309.57828,398.3554,6468
363.5228,267.0718,379.70697,6462
353.9031,251.49687,435.68732,6442
363.26678,307.55307,378.8985,6402
367.4232,284.49207,442.25662,6548
316.39618,309.62775,469.3607,6513
312.28458,252.54826,489.4611,6508
344.43777,264.16315,443.73535,6475
358.7119,267.88754,493.11826,6448
323.65707,255.57635,492.34262,6404
267.1771,267.59076,474.3241,6564
157.09819,259.1944,480.15836,6471
211.77249,279.8989,493.26257,6448
192.59274,272.2584,497.05524,6440
187.89795,264.50458,463.5058,6418
204.08775,296.3437,481.01053,6413
149.43736,262.21323,407.41794,6579
164.6023,256.85052,436.84778,6540
130.57106,267.51294,385.05994,6534
162.33942,272.80527,417.90268,6521
167.44635,296.5759,476.52228,6518
133.60262,252.51288,394.66333,6503
126.847305,279.8753,420.87195,6494
175.42436,281.79214,477.6743,6490
178.0932,308.40286,471.53934,6466
186.59671,306.20853,492.83505,6443
156.69005,250.18262,409.35742,6434
181.26862,251.4225,399.9064,6554
227.46457,252.84892,405.08127,6532
234.49744,268.78226,413.2208,6523
170.80252,280.59607,378.79202,6521
213.70184,252.26079,396.76242,6420
204.67714,306.32434,396.81094,6525
201.0764,281.82925,388.53113,6510
223.79411,307.04053,417.59857,6419
209.73767,313.85764,435.19226,6589
248.51799,367.20004,412.56375,6587
198.7008,360.16788,394.5511,6566
226.16277,350.3295,414.5431,6546
198.64777,362.69104,378.07773,6520
238.80171,344.3466,404.16782,6514
236.0819,357.93265,437.52426,6481
202.91881,355.26343,413.82574,6469
173.6059,366.63925,380.5612,6445
160.18695,319.3767,439.48154,6576
169.14189,364.85324,445.68835,6553
163.27223,346.99362,394.67767,6425
206.92159,312.91257,456.30746,6589
245.4318,326.03445,457.7585,6562
236.01053,342.3218,449.09744,6524
129.45918,329.4933,483.63235,6501
140.21632,326.50635,489.83838,6470
188.03181,343.9308,469.74957,6422
220.16324,393.08124,499.49026,6509
199.79181,392.9622,490.44946,6499
235.44627,382.58798,478.33984,6493
197.08098,432.89102,479.6771,6439
227.00797,415.5061,466.1677,6438
220.3403,397.04626,487.27576,6409
237.62149,443.00784,445.34048,6557
220.62538,482.3454,450.83585,6534
224.60081,415.85925,495.23474,6532
142.88356,464.63605,490.72684,6583
172.27338,473.61975,496.42853,6432
166.69026,384.55963,498.48166,6575
143.62175,404.12308,460.01004,6570
140.42435,435.84778,457.59805,6561
161.79224,404.67126,446.2618,6520
157.1222,433.17154,482.80325,6503
144.29976,425.99658,487.4518,6477
129.13828,433.57993,410.7948,6466
164.35124,380.57956,467.9971,6441
134.97,378.49197,475.67273,6421
134.47348,435.53717,479.7548,6402
139.7509,407.20032,381.7796,6572
160.84457,414.37534,405.4363,6474
186.96425,422.54565,376.03067,6429
195.78816,491.13126,385.5864,6568
204.0292,499.537,381.0128,6505
185.09924,476.58163,380.6813,6479
195.86288,483.0858,429.7238,6475
181.74596,497.80243,394.48758,6425
246.24408,455.78983,419.85355,6573
227.2865,426.2731,398.2663,6567
236.89415,427.8243,425.28656,6534
215.33621,417.47888,406.3175,6500
233.07219,450.65732,389.31244,6479
241.5653,492.9067,398.41513,6410
234.81416,453.00977,385.4217,6408
207.70251,382.9362,411.63782,6540
247.06514,389.0664,388.642,6521
187.93745,388.77567,382.69846,6512
223.77765,388.35638,367.30145,6498
195.00989,394.60974,427.4409,6447
188.50925,434.4375,402.12762,6417
234.03236,379.22757,374.0111,6406
221.50024,399.04388,324.9396,6567
201.8891,382.4069,373.6917,6551
226.83435,452.27527,327.71652,6551
198.60075,398.0741,351.41888,6542
208.11806,391.31302,342.2627,6521
225.3825,459.18286,346.6815,6514
248.56383,449.88342,370.037,6444
166.22433,497.26974,366.86517,6560
166.02504,450.21185,350.14297,6512
186.07152,468.71994,328.66092,6497
147.38063,476.5643,322.81042,6483
171.60973,395.46765,341.63434,6567
166.78734,404.8861,325.56232,6536
124.831,476.9499,356.7196,6515
159.76283,429.55396,354.92456,6485
166.64714,419.06876,359.74554,6475
150.49197,405.59354,291.5003,6532
173.15405,408.6246,269.50174,6523
181.33846,401.70132,268.7112,6504
183.05882,390.6165,281.17337,6458
135.69827,420.3026,331.31503,6440
141.92834,427.90106,330.59686,6426
130.91086,489.7553,257.1287,6592
151.64926,458.57007,282.44785,6551
148.35568,482.1092,256.55362,6547
128.96669,447.9077,301.32074,6541
173.61655,466.30405,286.97653,6495
166.70491,445.01797,265.9734,6424
126.68609,432.89923,253.06935,6410
226.32794,499.2583,303.5657,6529
246.04486,496.54684,308.53217,6527
196.55351,465.01947,270.73654,6492
189.43396,462.6966,254.37766,6479
217.64987,488.9181,309.2428,6473
238.60143,488.21136,272.84753,6471
235.12714,434.93613,288.91577,6538
209.92007,421.93866,297.01382,6525
211.53416,412.52414,304.5993,6515
215.38303,382.60123,282.50354,6511
234.13452,370.98862,302.2198,6431
187.60706,336.93372,298.39868,6581
214.10461,319.7375,296.789,6541
235.51608,284.64157,266.37964,6527
207.63069,328.79752,299.5415,6489
245.83073,324.30942,279.9345,6452
239.99059,262.6739,306.33466,6568
197.62386,291.66965,296.05466,6519
232.57362,321.3664,335.24643,6484
227.40439,309.3196,358.96487,6438
211.26953,330.3064,356.2624,6582
205.54794,364.26486,373.50452,6581
191.24586,340.46564,322.37933,6532
205.93579,332.95963,347.9945,6501
194.5763,345.3012,329.11078,6466
217.65337,350.3131,351.594,6457
183.89369,259.5633,371.75082,6585
174.08728,265.0525,373.90585,6443
165.4969,299.91333,329.39627,6506
171.64279,296.84805,312.43326,6504
186.78554,275.0077,300.77597,6499
134.16876,273.4599,311.8698,6477
185.35168,282.24435,358.98398,6472
153.64922,251.73438,308.01538,6468
131.96526,279.55734,258.9263,6558
169.17174,341.80478,276.8614,6513
162.58281,300.07196,296.05396,6506
180.84825,328.88602,274.06573,6408
173.01978,325.07547,305.2316,6408
68.77196,366.40726,272.98477,6581
128.08925,371.4746,279.6303,6557
63.152878,320.02975,289.63834,6524
109.645164,342.33957,298.87445,6492
85.458664,335.0817,288.83228,6473
79.11398,343.39694,261.24734,6457
88.113655,357.60608,281.9284,6441
120.320496,354.25452,279.0932,6413
169.41476,366.86432,272.04977,6411
76.56258,307.17978,256.3684,6549
72.20681,251.55896,292.28058,6530
96.761856,272.37753,266.8082,6526
79.93235,296.7304,285.46362,6449
62.487328,343.32306,279.73596,6419
69.07021,276.88013,361.69745,6507
104.45964,259.67877,317.00952,6494
76.35091,252.64978,334.0514,6469
122.885956,257.332,321.51773,6442
35.07484,318.64822,320.10504,6578
26.233116,372.46838,344.07483,6444
50.880962,288.4421,355.21753,6570
52.23318,258.0059,331.35876,6537
56.989525,257.0545,315.30002,6497
45.503063,254.48079,327.4784,6442
58.02541,294.79132,309.03183,6465
39.363853,284.21057,290.09293,6436
28.835228,382.7408,252.162,6520
60.25268,390.65683,285.08136,6496
0.91521215,404.30472,307.3162,6488
6.039575,463.60748,289.47882,6584
20.28687,472.97754,289.94873,6553
29.492548,420.3172,262.4155,6548
52.021503,477.06366,308.9007,6535
28.649355,484.14554,256.07043,6518
24.999062,437.74985,252.19235,6489
5.1329436,459.0391,287.0351,6431
29.085913,428.68512,259.86685,6426
60.911316,429.31946,256.56454,6424
81.818436,477.33582,304.30106,6544
80.138535,471.82678,290.1164,6537
74.48712,470.8768,283.48618,6471
49.802097,486.02487,265.15558,6468
116.58841,450.12866,313.00415,6462
73.65681,496.32977,276.8487,6439
119.80145,399.0204,265.21002,6579
95.60002,499.53757,254.81862,6418
103.48906,414.3177,323.6283,6496
67.77485,420.73965,357.8849,6405
107.65477,418.7471,344.7073,6566
87.400154,378.16397,367.54547,6554
91.110596,439.34012,325.65488,6509
110.07754,431.18488,363.95486,6438
89.2706,490.82626,339.28464,6584
75.33121,477.74692,330.2302,6464
3.8209972,465.30566,360.2274,6462
2.2306955,446.24115,349.6797,6448
55.903454,471.41202,330.11865,6446
61.545536,432.51422,337.69797,6516
34.51818,387.39505,351.85788,6445
36.25415,414.24484,327.7666,6420
40.33881,392.7367,336.91653,6592
9.6925335,377.7795,334.53366,6544
8.116202,376.72803,339.22678,6542
49.356358,399.2761,387.70148,6518
29.984829,382.68472,408.42603,6515
34.578503,395.3215,334.97153,6469
56.17897,395.3812,342.5699,6450
4.3393354,455.49878,419.9589,6568
10.1145935,480.23297,436.0264,6546
1.6057198,487.29855,392.8768,6518
6.1133394,494.9262,388.93375,6493
4.7475185,414.6521,414.05084,6488
13.918464,423.74173,424.72726,6469
36.68537,499.84634,405.9577,6524
35.778614,477.9084,377.09558,6495
119.5101,432.2482,397.33017,6550
92.94039,414.45053,434.7128,6530
99.28324,405.9453,377.27405,6435
83.657166,420.75555,402.04764,6415
123.470825,443.23196,381.95572,6402
75.969734,421.74295,467.4582,6588
85.74542,425.42975,444.23987,6566
123.30917,388.9551,441.51895,6520
73.81485,418.3359,499.39606,6526
100.80924,468.27795,496.63135,6510
103.62142,411.25726,486.40546,6457
64.03645,382.19775,489.4905,6414
65.34807,475.68765,470.13275,6532
75.53332,477.7533,476.69626,6473
89.59429,497.00494,482.44855,6445
63.21703,460.8586,464.52087,6423
70.82014,476.59222,463.43903,6413
11.4279,453.34183,466.6414,6520
6.463892,409.34958,485.04697,6576
44.843494,384.5138,483.34122,6495
12.281955,414.5733,497.7302,6461
6.5767365,416.48563,496.2975,6447
55.82449,388.72604,451.7083,6435
40.81022,426.40643,442.47137,6415
37.710617,336.36346,467.4297,6571
3.760432,364.55484,475.81256,6557
54.564724,321.51266,451.52292,6509
14.372412,324.1206,440.52084,6504
41.091434,362.57834,437.7474,6480
44.604675,318.41568,464.62558,6475
44.917034,319.97763,458.87408,6469
21.988895,381.902,465.05746,6468
38.833405,318.36313,440.10632,6465
43.95322,318.87003,466.4941,6464
8.689061,355.56143,463.78433,6428
55.957676,367.70474,481.93723,6539
82.32792,360.20908,467.14975,6512
71.15017,363.40616,477.59814,6509
112.31959,325.00388,475.00342,6476
98.019714,371.26968,459.97574,6474
80.59179,353.54254,436.0574,6406
65.25108,319.78625,378.6929,6586
112.080025,326.4005,391.2164,6571
107.09253,321.62262,400.18124,6543
122.21411,360.2217,430.89813,6543
43.393093,328.54498,418.54022,6566
60.442955,349.54446,411.47754,6540
3.2023113,320.12366,377.7456,6495
92.3661,367.15747,388.89996,6446
10.380337,332.7177,385.9264,6427
69.871895,361.83792,378.7585,6402
47.959354,286.18008,410.2097,6529
44.349514,268.9102,428.4992,6528
40.54123,267.4825,429.38632,6421
66.56862,294.9421,475.9836,6541
83.53371,276.78162,466.54532,6490
68.31305,268.7049,425.05173,6457
95.527275,260.78918,462.8004,6429
40.91259,288.68097,443.28055,6577
37.413006,288.47797,488.0877,6513
18.140955,256.61707,468.8115,6506
103.44365,258.09647,497.17438,6487
32.225605,300.49948,468.59286,6424
20.820143,235.08278,492.07608,6502
10.20693,246.26227,473.2911,6481
43.27286,195.47124,444.531,6564
40.70684,213.8361,454.46738,6559
53.662434,191.96513,493.40213,6543
49.540775,211.98303,487.2395,6408
52.659847,130.9292,475.29547,6570
24.826267,141.43753,455.10275,6550
32.51501,136.97281,479.4113,6529
10.319501,165.4382,444.57504,6505
33.96175,127.00665,478.37686,6477
23.995848,147.30823,455.77948,6440
2.7313023,169.34344,446.08203,6417
81.19606,125.85131,489.55548,6514
108.5897,162.70403,489.3608,6513
73.44997,168.91483,446.7078,6506
98.88421,225.42212,483.40485,6504
74.731544,248.70064,475.5319,6452
93.023026,236.89578,490.6634,6416
73.40384,126.31886,484.51038,6402
82.966064,201.40149,437.44913,6482
80.881325,147.73235,408.21213,6580
118.15944,247.8329,375.10672,6567
101.62722,181.02867,381.14944,6459
18.58979,167.91495,418.32275,6573
52.88255,124.68583,412.60794,6501
56.655575,176.02016,416.93533,6479
61.68529,128.1351,423.96918,6442
69.459,169.45251,404.81256,6416
10.627318,189.9917,388.4904,6573
26.043684,213.78476,416.62552,6531
30.906162,213.20634,414.9576,6512
57.246532,197.83977,429.01517,6457
22.437998,145.26328,387.58246,6434
51.246563,240.31708,348.2048,6553
59.966946,204.08743,358.1541,6541
24.577118,218.21918,330.30438,6527
5.1279125,207.35837,343.7879,6523
44.674732,220.57793,334.56418,6516
49.619133,195.49236,351.08148,6502
48.948456,207.39522,328.12936,6408
10.010407,241.38483,318.49023,6587
11.616852,188.26743,276.9371,6561
57.490925,130.00784,277.6885,6585
35.444027,135.04823,287.87457,6542
22.968292,196.07178,295.32684,6506
27.638514,134.76747,261.96945,6458
55.034267,137.88487,297.85526,6431
7.165066,191.77531,297.3464,6401
15.275963,148.99055,347.88336,6549
19.053408,144.71509,319.10916,6503
3.787508,147.6346,326.31134,6475
109.26638,160.28763,368.9397,6560
69.72657,161.94221,332.67032,6539
97.29729,166.15125,370.31747,6534
92.83943,140.2701,325.38748,6442
92.399345,127.86024,307.6626,6579
90.51743,165.74911,292.63922,6577
73.371506,159.79965,294.20404,6576
114.16091,145.11711,328.99557,6535
85.19122,187.67535,251.63184,6455
97.33867,135.75206,320.37802,6421
92.37833,222.29231,254.96964,6541
94.7358,213.61902,260.75113,6537
90.50389,234.39687,297.668,6528
63.520714,239.82193,278.15994,6494
73.003624,206.12871,299.97073,6462
108.64509,235.62814,278.07507,6433
108.369,248.96666,305.47116,6472
82.40376,214.39955,336.0458,6423
127.42393,237.82043,333.98853,6561
158.7133,227.0067,337.99753,6533
138.80858,213.45969,362.41376,6490
125.80861,223.50645,323.50623,6440
146.32336,189.67505,275.92856,6507
156.4365,213.03029,277.2,6500
167.37743,210.29639,278.35873,6451
165.5117,188.36424,263.40323,6439
171.50233,229.90721,304.93497,6414
149.5014,191.4819,301.87863,6570
133.25641,147.07428,292.93857,6501
154.34494,209.50926,285.89575,6431
152.98294,166.47215,277.3475,6420
164.36713,138.3174,335.61526,6545
215.20146,139.91718,325.1045,6545
130.35522,183.75632,314.3898,6404
221.69371,158.6236,339.97327,6582
229.15407,135.43788,358.34402,6523
218.89671,155.87036,351.34506,6502
226.03319,160.0695,319.30194,6413
230.69821,184.52647,292.08017,6512
249.28197,158.2704,266.33408,6504
232.45352,153.31319,263.30768,6492
223.24495,164.70659,293.2892,6450
196.56453,200.56,290.0966,6589
190.80298,244.9616,288.06918,6587
195.94913,229.08723,289.5398,6574
193.54524,201.9847,269.4883,6567
214.25542,245.93996,252.81848,6535
230.56964,198.30817,294.43143,6516
191.38106,215.80803,281.20767,6469
210.09958,205.23602,287.3204,6430
188.38864,241.96,299.6336,6417
189.7946,222.72133,281.4697,6411
200.69685,202.86421,325.65686,6478
196.3997,220.37729,335.56793,6474
233.78497,221.5581,304.90152,6449
196.95224,239.24603,316.301,6437
191.90498,248.16408,351.7155,6584
246.74811,230.05203,371.46924,6549
229.64212,193.28712,384.97842,6518
219.49873,232.50298,372.63538,6513
204.7009,248.06898,402.3243,6484
198.39017,246.27228,396.60025,6449
222.00748,237.29117,405.79248,6448
218.37738,244.07076,368.76303,6445
242.37334,189.3774,478.34872,6482
235.53215,208.78,450.4828,6473
234.55803,200.98798,484.78137,6402
158.73524,231.74521,477.6314,6537
148.98053,190.08324,467.11417,6512
200.37112,223.3451,444.0724,6455
209.01233,195.28926,460.8247,6435
169.29512,189.07416,447.80554,6403
141.29941,226.0391,448.5409,6585
131.4672,188.74106,462.92947,6533
161.47711,199.58542,433.51144,6520
173.61945,247.57068,400.53647,6461
136.62991,150.36368,416.6195,6560
145.46538,153.0698,449.45917,6435
151.15399,147.10458,450.3029,6406
186.89069,162.09972,475.22525,6525
180.7711,129.01004,458.25543,6513
175.26526,136.83237,490.80258,6486
156.78557,129.22766,456.7971,6452
201.66185,169.27469,473.46906,6550
213.68863,148.0434,484.18222,6495
213.32262,161.85042,486.4177,6491
215.6905,147.51653,489.91733,6483
230.15883,178.58165,473.60626,6462
214.62619,180.70241,497.61383,6451
240.75836,173.48969,470.30164,6440
192.08415,169.34308,449.78836,6423
216.42963,166.73906,483.3905,6421
230.0202,160.40874,441.83276,6418
226.51656,154.07152,441.74606,6416
205.3277,159.47906,405.62024,6575
199.59906,154.77844,401.7874,6554
200.02072,107.15193,386.30685,6571
219.77066,62.39647,411.00424,6506
239.15189,109.12893,391.79962,6505
210.74425,94.15399,397.74716,6492
221.79572,101.52385,376.7254,6479
230.40709,84.182526,456.19113,6495
189.91547,89.72965,441.35483,6489
232.6193,91.75098,464.6333,6404
137.93634,88.58441,465.9535,6555
188.51878,95.670204,449.7277,6516
159.37129,68.95694,470.28427,6443
201.3045,121.70118,469.59464,6422
144.52702,108.07223,460.54562,6573
169.59639,122.663506,398.72342,6558
148.82544,120.15697,422.76196,6519
145.84103,123.9452,411.37152,6505
132.94598,100.18862,432.13724,6482
124.73394,123.52304,495.83627,6438
150.0654,108.67727,419.7754,6419
130.927,71.70484,419.36182,6591
162.03435,91.163956,431.5468,6567
156.21281,51.532898,422.2193,6490
144.51031,68.39875,403.27167,6403
183.02264,1.1710637,390.11047,6557
147.77632,27.830793,476.7702,6456
165.33449,1.6779287,398.35782,6443
218.90356,19.622765,480.03183,6590
182.87091,37.41193,441.89642,6559
185.39716,8.861822,462.3334,6527
138.9686,49.57293,472.3434,6489
207.06215,1.4060456,462.7601,6478
248.52348,36.72582,479.2278,6591
235.17798,48.144886,494.0035,6552
246.6591,38.705715,472.44788,6540
249.2402,25.930206,485.9799,6506
201.21461,48.56429,414.2613,6473
198.61633,27.729227,406.18408,6464
223.75719,31.274315,498.2708,6450
235.98549,48.81953,456.24304,6433
242.96362,37.448048,442.65317,6423
217.67896,9.107427,391.43246,6557
212.76344,36.10565,399.3744,6499
211.33748,38.424023,370.50336,6475
202.99556,49.839367,392.48804,6443
217.80197,44.927277,391.15106,6404
216.6128,19.294903,263.49957,6580
217.33315,21.90011,279.76004,6528
229.45955,24.977356,311.37094,6506
209.27232,26.71122,322.59692,6493
190.78214,42.671246,327.1233,6480
217.99347,38.216858,294.64456,6469
228.18002,22.40873,260.05243,6440
217.81812,54.457985,295.2918,6410
219.29933,61.212883,306.13657,6574
212.05862,73.99802,255.30225,6463
210.34195,106.13791,291.10107,6436
242.19588,70.40435,274.71808,6435
201.55383,87.36226,272.2058,6414
196.58176,32.59107,253.39755,6404
193.67793,38.534264,252.59402,6400
189.96187,104.8239,347.0358,6554
205.60864,83.9667,345.9808,6501
216.4864,121.54991,269.27637,6494
201.0851,108.27692,338.27646,6475
188.79578,116.65198,367.17346,6454
158.90875,96.76668,256.33667,6437
131.94136,99.41941,344.49283,6408
177.20552,82.209435,301.45724,6585
145.72339,91.8351,254.60612,6581
135.5302,59.6441,271.2844,6549
149.9084,72.843636,255.37526,6519
158.8115,19.299843,312.7597,6425
133.34624,22.484106,296.70834,6515
144.03604,30.855814,320.91638,6507
176.08626,54.176636,367.2153,6483
165.39241,31.527004,327.08765,6449
178.65817,25.399134,315.468,6448
163.24776,30.476322,327.98337,6442
76.38598,16.56815,356.41943,6553
71.13938,35.712696,336.7363,6471
106.785645,45.928875,327.12234,6442
93.55965,46.903545,270.7963,6564
115.415565,7.113293,276.99194,6501
103.87285,46.796864,290.5268,6491
91.97418,55.698902,295.47717,6420
100.74903,69.946465,304.04205,6461
107.11295,92.33016,266.1702,6431
95.30045,77.58914,297.1654,6405
94.7503,119.04361,324.3156,6570
116.19873,108.28042,289.7523,6514
102.13502,108.68691,313.20322,6503
86.57839,111.667015,283.45236,6425
49.608418,121.70877,337.2431,6573
88.10094,84.218185,366.67712,6555
54.625477,83.38324,354.82367,6531
68.05904,119.96886,331.95563,6517
65.75666,94.47884,359.10538,6477
87.24543,107.83162,327.5323,6410
89.72712,124.11066,370.3721,6404
9.590714,62.361366,371.00256,6561
35.667347,103.40563,259.55383,6549
7.47996,107.15686,298.44016,6521
25.193834,76.645744,345.89963,6453
27.372023,95.01535,271.06894,6424
17.86242,72.49371,288.69284,6585
37.355972,91.55399,282.21265,6550
10.694786,38.497093,310.7234,6521
53.902996,12.996258,264.04858,6547
54.498417,0.9327605,320.27405,6575
30.722223,33.420143,364.64566,6534
19.066196,38.472004,320.643,6493
41.78813,5.209289,342.53516,6465
52.213688,4.198201,318.94745,6413
46.544643,15.244097,425.97522,6563
35.518414,23.646736,351.18097,6515
55.22822,91.9003,419.54974,6581
6.079841,100.02688,413.54846,6579
2.936041,37.473076,393.7313,6470
1.643618,87.690155,395.58597,6413
55.246494,86.05022,377.0158,6554
49.85634,104.64251,385.73996,6518
100.961784,93.753174,391.30103,6499
113.128105,104.2096,406.53665,6456
120.018555,121.412636,430.56097,6443
119.89776,31.080063,413.32153,6579
93.77439,25.610659,384.10678,6437
81.93881,10.335224,476.93875,6560
109.12244,61.218204,458.14474,6436
117.30438,96.10345,459.4427,6498
94.98465,74.714165,479.05432,6494
115.05806,105.161606,483.0769,6484
120.18854,122.308235,495.2808,6478
120.73048,108.89098,449.44125,6464
82.064156,107.244354,469.79916,6411
42.75119,120.72651,466.83392,6486
43.815254,48.2464,497.67395,6582
9.939527,9.833372,490.59616,6514
59.048096,15.484853,438.97604,6401
